B iarrs[50];
static const i32 iarrs_data[] = {
 // 0
5, // 1
7, // 2
11, // 3
0,0, // 4
3,34, // 5
882,3, // 6
948,6, // 7
1048,3, // 8
1099,4, // 9
1138,3, // 10
1168,5, // 11
1315,3, // 12
1353,3, // 13
1392,3, // 14
1445,6, // 15
1624,7, // 16
1842,6, // 17
1994,8, // 18
2237,13, // 19
2610,4, // 20
2655,6, // 21
2702,4, // 22
2775,3, // 23
2783,3, // 24
2835,7, // 25
3038,3, // 26
3094,5, // 27
0,1,0, // 28
0,0,1, // 29
0,0,2, // 30
0,0,3, // 31
0,0,4, // 32
0,0,6, // 33
0,0,8, // 34
0,0,9, // 35
0,0,10, // 36
0,0,12, // 37
0,0,13, // 38
0,0,14, // 39
2,0,15, // 40
0,0,16, // 41
0,0,17, // 42
0,0,18, // 43
0,0,19, // 44
0,0,20, // 45
0,0,21, // 46
0,0,22, // 47
0,0,23, // 48
1,1,7,34,0,1,33,0,3,33,0,4,33,0,5,33,0,6,12,4,48,6,0,82,0,17,0,20,0,20,21,0,48,0,83,27,11,2,0,52,0,11,0,48,0,70,27,27,32,0,6,11,2,0,52,0,70,0,49,0,9,27,27,33,0,7,48,6,1,2,33,0,8,48,6,0,12,0,9,0,59,21,0,54,1,3,27,33,0,9,48,6,1,4,33,0,10,48,6,1,5,33,0,11,48,6,1,6,1,7,11,2,0,52,1,8,0,58,11,2,0,52,0,11,0,49,0,11,0,48,0,58,27,0,47,0,8,27,27,27,27,33,0,12,48,6,0,18,0,46,0,92,0,21,0,91,17,1,9,1,10,11,2,0,52,0,11,0,12,0,55,21,0,8,0,12,0,11,0,59,21,21,27,11,2,0,52,0,16,0,16,0,55,0,55,11,2,21,27,27,33,0,13,48,6,1,11,33,0,14,48,6,1,12,33,0,15,48,6,1,13,33,0,16,48,6,1,14,33,0,17,48,6,34,0,16,34,0,17,34,0,13,11,3,0,52,0,18,0,46,0,19,0,46,0,59,0,40,32,0,3,26,0,12,0,59,21,0,43,0,7,26,20,11,2,0,52,0,11,0,9,0,55,21,27,27,27,27,33,0,18,48,6,0,18,0,46,32,0,7,27,0,21,20,34,0,18,11,2,0,52,0,18,0,46,32,0,3,27,0,12,0,55,21,27,33,0,19,48,6,0,31,0,5,0,59,21,0,48,0,65,0,66,0,67,11,3,0,30,0,59,17,0,20,0,64,17,0,39,0,21,26,0,55,17,0,0,0,96,17,0,7,16,0,19,16,27,0,8,0,95,0,7,16,0,49,0,35,27,21,33,0,20,48,6,0,98,0,49,0,20,27,0,20,0,97,21,33,0,21,48,6,1,15,33,0,22,48,6,0,102,33,0,23,48,6,0,18,0,46,0,33,27,32,0,5,20,32,0,23,11,2,0,52,0,59,0,49,0,12,27,27,32,0,22,32,0,19,0,48,0,57,0,57,11,2,27,0,46,34,0,23,0,32,11,2,0,52,0,11,0,12,0,58,21,27,27,27,0,33,0,58,21,0,21,20,33,0,24,48,6,1,16,33,0,25,48,6,1,17,33,0,26,48,6,1,18,33,0,27,48,6,1,19,33,0,28,48,6,0,84,0,18,0,17,0,20,0,18,0,30,0,12,0,0,0,58,21,21,21,0,20,0,17,21,0,81,21,0,40,32,0,7,0,20,0,93,21,26,0,20,0,26,0,86,21,0,20,0,85,21,0,20,0,24,0,58,21,11,2,0,52,0,11,0,9,0,58,21,27,20,0,40,32,0,28,0,20,0,104,21,26,0,20,20,0,26,0,86,21,0,20,0,85,21,11,3,0,52,0,41,32,0,3,26,0,38,0,32,26,0,59,0,19,0,67,17,0,27,0,59,0,58,0,55,11,3,17,21,0,43,0,4,26,20,27,11,2,0,52,0,11,0,9,0,55,21,27,33,0,29,48,6,0,33,0,46,32,0,28,27,0,20,0,105,21,32,0,21,20,32,0,29,0,19,34,0,29,0,47,0,20,0,48,0,106,0,49,0,20,27,27,27,0,16,21,32,0,21,20,11,3,0,52,0,12,0,3,0,59,21,27,33,0,30,48,6,34,0,7,34,0,30,11,2,0,52,32,0,3,0,12,0,55,21,27,33,0,31,48,6,0,17,0,12,0,69,21,0,38,0,33,26,0,108,0,109,11,2,21,0,20,0,107,21,0,36,20,34,0,22,34,0,28,27,0,33,0,58,21,33,0,32,48,6,0,18,0,18,34,0,31,20,34,0,32,11,2,0,52,0,17,0,13,0,68,21,27,32,0,3,21,33,0,33,48,6,34,0,27,0,46,0,39,0,64,0,0,0,70,17,0,49,0,20,27,26,27,0,19,20,0,24,0,56,21,32,0,33,11,2,7,0,58,0,40,0,23,26,34,0,1,0,1,16,17,0,28,0,50,0,45,0,38,0,41,0,2,26,26,26,27,16,0,43,0,56,0,57,11,2,0,53,0,0,27,26,34,0,2,19,0,19,16,0,33,0,48,0,56,27,0,50,0,55,27,16,7,32,0,1,0,16,16,0,24,0,56,17,33,0,3,48,0,4,0,58,17,32,1,8,16,33,0,4,48,6,1,20,33,0,5,48,6,32,0,1,0,19,34,0,1,0,16,16,0,23,0,56,17,0,20,34,0,3,0,43,0,2,26,16,17,17,0,23,0,48,0,43,0,0,26,27,34,0,5,11,2,0,52,0,18,0,46,0,11,27,0,9,0,55,21,27,34,0,4,17,7,32,0,1,0,19,16,0,40,0,37,0,71,26,0,19,0,16,0,33,0,56,21,0,49,0,21,27,21,0,20,0,18,21,26,34,0,1,0,16,16,32,1,8,0,58,17,17,0,20,16,7,0,71,0,19,32,0,1,0,11,16,34,0,2,11,2,17,33,0,3,48,6,32,0,3,34,0,1,34,0,3,11,3,0,21,16,0,20,16,7,0,86,0,20,34,0,1,0,32,16,0,24,0,58,17,0,24,0,56,17,17,0,20,0,85,17,0,21,16,7,32,0,2,0,18,0,3,0,58,21,0,38,0,32,26,0,88,21,0,19,20,32,1,6,11,2,0,52,0,9,0,48,0,60,27,27,16,0,20,0,87,17,33,0,3,48,6,32,0,1,0,16,16,0,33,0,56,17,0,4,32,0,3,0,11,16,17,33,0,4,48,6,34,0,3,0,23,32,0,4,17,0,21,16,34,0,1,0,39,0,23,26,32,0,4,17,0,33,0,50,0,89,0,33,0,58,0,1,34,0,2,17,0,3,0,61,17,0,4,0,55,17,17,27,16,0,90,0,23,0,48,0,1,27,34,0,4,17,0,21,16,11,3,0,20,16,7,34,0,1,0,32,16,0,41,0,12,26,0,84,17,0,44,0,1,26,16,0,45,0,0,26,16,0,12,0,59,17,0,43,0,8,26,16,7,34,0,1,0,40,0,71,26,16,32,1,11,0,58,17,32,1,12,0,59,17,0,33,0,48,0,55,0,56,11,2,27,0,50,0,72,27,16,7,34,0,1,0,16,16,0,84,0,40,32,1,6,26,0,40,0,20,0,48,0,93,27,26,20,0,20,20,0,33,0,50,0,73,27,20,11,2,0,52,0,11,0,9,0,58,21,27,16,0,21,16,7,0,40,0,30,0,48,0,12,0,48,0,74,27,0,45,0,8,26,20,27,26,0,19,0,46,0,15,0,48,0,45,0,17,26,27,27,20,33,0,3,48,6,0,40,0,75,0,49,0,34,0,46,0,33,27,27,26,0,1,0,48,0,19,0,46,0,43,0,4,26,27,27,20,33,0,4,48,6,0,40,0,32,26,0,40,0,11,26,0,18,0,40,0,17,26,0,19,0,46,0,43,0,4,26,27,21,20,34,0,4,0,0,0,40,0,11,26,21,11,2,0,52,34,0,3,27,20,33,0,5,48,6,34,0,1,0,42,0,29,26,16,0,30,0,48,34,0,2,27,0,50,0,40,0,39,0,23,26,26,0,48,0,39,34,0,5,0,46,0,1,27,26,27,27,16,0,29,16,7,32,0,1,0,40,0,16,26,16,33,0,3,48,6,32,0,3,0,40,0,33,26,0,58,17,0,19,0,37,0,58,26,0,1,0,12,21,0,54,0,44,0,4,26,27,11,2,0,52,0,12,0,9,0,55,21,27,16,33,0,4,48,6,34,0,3,0,40,0,33,26,16,0,12,0,9,0,55,21,0,54,0,58,0,53,0,44,0,4,26,27,27,16,33,0,5,48,6,34,0,1,0,40,0,23,26,0,58,0,23,32,0,4,0,11,16,0,1,16,17,0,6,34,0,4,17,0,41,0,22,26,32,0,5,17,17,0,12,0,1,0,59,21,0,4,0,55,21,0,54,0,21,27,16,0,59,0,53,0,20,0,46,0,9,27,27,16,33,0,6,48,6,34,0,6,32,1,10,0,10,0,46,32,1,9,27,11,2,0,52,34,0,5,0,19,16,0,15,0,48,0,28,0,48,0,58,27,27,16,27,16,32,1,11,0,59,17,7,32,0,1,0,12,16,33,0,3,48,6,32,0,1,0,55,0,25,16,0,40,32,1,3,26,0,12,0,58,21,0,37,0,58,26,0,1,0,12,21,0,54,0,44,0,7,26,27,20,11,2,0,52,0,12,0,9,0,58,21,27,16,33,0,4,48,6,32,0,4,0,43,0,0,26,16,0,9,0,55,17,0,54,32,1,14,0,48,34,0,4,27,27,32,1,15,20,32,1,12,32,0,3,21,33,0,5,48,6,34,0,1,0,40,32,1,25,26,0,48,0,9,27,32,0,5,20,1,21,11,2,0,52,0,57,0,49,0,9,27,0,43,0,8,26,20,27,34,0,2,19,7,32,0,1,0,12,16,33,0,3,48,6,32,0,1,0,24,0,55,17,0,40,0,9,26,16,0,10,16,33,0,1,49,6,32,0,1,0,16,16,0,24,0,56,17,33,0,4,48,0,11,16,0,1,16,0,12,0,48,0,55,27,0,54,0,57,27,16,33,0,5,48,6,32,0,3,0,9,0,55,17,0,38,0,33,26,0,94,17,33,0,6,48,6,1,22,33,0,7,48,6,32,0,1,0,30,0,48,0,18,0,12,32,0,6,21,0,0,0,58,21,27,34,0,7,11,2,0,52,32,0,3,0,11,0,58,17,27,16,33,0,1,49,6,32,0,6,0,23,0,48,0,1,27,32,0,4,17,32,0,5,0,53,0,20,27,34,0,1,17,34,0,5,0,53,0,20,27,0,79,0,23,32,0,4,0,20,0,58,17,0,33,0,56,17,17,0,19,34,0,4,17,0,33,0,50,34,0,6,27,16,17,0,21,16,32,0,3,0,11,0,58,17,0,54,32,1,9,32,1,11,0,58,21,32,1,12,34,0,3,21,27,16,7,0,18,0,18,34,0,4,20,0,22,0,55,21,34,0,0,11,2,0,52,0,17,0,13,0,68,21,27,32,1,3,21,33,0,6,48,6,32,0,1,32,1,4,16,33,0,7,48,0,33,16,33,0,8,48,6,0,80,0,1,0,99,17,0,33,32,0,8,17,33,0,9,48,6,0,18,0,17,0,43,0,8,26,20,0,54,0,40,0,20,0,48,0,100,0,49,0,23,27,27,26,0,48,0,20,0,48,0,55,27,27,27,0,24,0,48,0,58,27,0,40,0,43,0,17,26,26,20,0,21,0,24,0,48,0,56,27,0,40,0,43,0,18,26,26,20,21,32,1,20,0,46,0,44,0,7,26,27,20,21,0,20,20,33,0,10,48,6,0,18,0,40,34,0,6,0,49,0,33,0,48,0,58,27,0,17,0,13,32,0,9,0,3,0,59,17,21,0,54,0,18,0,46,32,1,21,27,27,0,33,0,49,0,0,27,21,27,26,0,11,0,46,0,25,27,0,12,0,55,21,0,1,20,0,58,0,10,32,0,9,17,0,54,0,28,27,20,21,34,0,10,20,33,0,11,48,6,32,0,7,0,24,0,58,17,0,37,34,0,1,26,32,1,5,0,46,0,19,27,20,0,18,34,0,5,34,0,2,23,34,0,11,11,3,0,52,34,0,8,0,5,16,0,3,0,59,17,27,16,33,0,12,48,6,32,0,12,32,0,9,0,13,0,59,17,0,54,0,37,34,0,7,26,0,33,0,56,21,32,1,3,20,0,10,0,68,21,0,54,0,101,0,49,0,20,27,27,27,16,33,0,12,49,6,34,0,9,34,0,12,11,2,7,32,0,1,32,1,3,16,33,0,3,48,6,34,0,1,32,1,19,32,1,24,0,48,32,0,3,27,11,2,0,52,34,0,3,0,13,0,68,17,27,34,0,2,19,7,34,0,1,33,0,3,48,0,16,16,33,0,4,48,0,9,32,0,2,19,33,0,5,48,6,32,0,3,32,0,5,0,43,0,8,26,16,0,54,1,23,27,34,0,2,19,7,0,103,33,0,3,48,6,32,0,2,0,55,0,11,0,14,0,59,21,11,2,0,52,0,12,0,14,0,58,21,27,18,0,36,34,0,3,19,6,34,0,1,32,1,25,32,1,26,0,17,21,0,57,0,57,11,2,0,27,0,51,0,18,27,34,0,2,19,0,28,16,17,7,34,0,1,32,1,33,16,7,34,0,1,0,20,0,48,0,32,0,46,0,40,0,71,26,27,27,16,0,32,34,0,2,0,0,0,58,19,0,20,0,55,19,0,30,18,0,2,0,48,0,9,0,48,0,27,27,27,18,19,7,0,58,0,10,32,1,3,17,0,59,11,2,33,0,3,48,6,32,0,1,0,16,16,0,33,0,46,0,25,27,0,2,0,59,21,0,41,0,22,26,0,24,0,46,0,40,0,25,26,0,2,0,28,0,50,0,18,0,45,0,2,0,0,0,58,21,26,0,58,21,27,21,0,43,0,41,0,0,26,26,0,55,21,27,21,0,56,17,33,0,4,48,6,0,37,0,76,0,19,0,58,0,58,11,2,17,26,33,0,5,48,6,34,0,1,0,40,32,2,25,32,0,5,11,2,0,52,0,55,0,49,0,13,27,0,43,0,8,26,20,27,0,16,0,49,0,9,27,0,43,0,8,26,20,0,54,0,18,0,46,34,0,5,27,27,0,17,21,0,48,0,1,0,48,34,0,3,0,1,34,0,2,19,27,27,26,34,0,4,17,33,0,6,48,6,34,0,6,32,1,5,16,7,0,63,0,0,0,70,17,0,9,32,0,1,17,0,2,0,70,0,1,0,78,17,17,0,0,0,62,0,0,0,70,17,0,18,0,1,0,77,21,0,2,0,12,21,32,0,1,17,17,0,0,34,0,1,17,7,32,1,4,0,3,34,0,2,19,0,38,0,1,26,32,1,5,17,33,0,3,48,6,32,1,5,0,40,0,58,0,49,0,19,27,0,49,0,20,27,26,32,0,3,17,0,43,0,41,0,22,26,26,16,33,0,4,48,6,32,0,4,0,40,0,76,26,16,0,33,0,50,32,1,3,0,23,34,0,3,17,27,16,0,40,0,19,26,34,0,4,17,0,20,16,7, // 49
};
static const u32 iarrs_lens[] = {0,1,1,1,2,2,2,2,2,2,2,2,2,2,2,2,2,2,2,2,2,2,2,2,2,2,2,2,3,3,3,3,3,3,3,3,3,3,3,3,3,3,3,3,3,3,3,3,3,3190};
init_intarrs(iarrs, iarrs_data, iarrs_lens, 50);
B iarrs0 = iarrs[0];
incByG(iarrs[0], 2);

B a0; B* a0p = m_lvBn(&a0, 110);
assume_separate_storage(a0p, iarrs);
a0p[0] = incG(runtime[0]);
a0p[1] = incG(runtime[1]);
a0p[2] = incG(runtime[2]);
a0p[3] = incG(runtime[6]);
a0p[4] = incG(runtime[7]);
a0p[5] = incG(runtime[8]);
a0p[6] = incG(runtime[9]);
a0p[7] = incG(runtime[10]);
a0p[8] = incG(runtime[11]);
a0p[9] = incG(runtime[12]);
a0p[10] = incG(runtime[13]);
a0p[11] = incG(runtime[14]);
a0p[12] = incG(runtime[15]);
a0p[13] = incG(runtime[16]);
a0p[14] = incG(runtime[17]);
a0p[15] = incG(runtime[18]);
a0p[16] = incG(runtime[19]);
a0p[17] = incG(runtime[20]);
a0p[18] = incG(runtime[21]);
a0p[19] = incG(runtime[22]);
a0p[20] = incG(runtime[23]);
a0p[21] = incG(runtime[24]);
a0p[22] = incG(runtime[25]);
a0p[23] = incG(runtime[26]);
a0p[24] = incG(runtime[27]);
a0p[25] = incG(runtime[28]);
a0p[26] = incG(runtime[29]);
a0p[27] = incG(runtime[30]);
a0p[28] = incG(runtime[31]);
a0p[29] = incG(runtime[32]);
a0p[30] = incG(runtime[33]);
a0p[31] = incG(runtime[34]);
a0p[32] = incG(runtime[36]);
a0p[33] = incG(runtime[37]);
a0p[34] = incG(runtime[38]);
a0p[35] = incG(runtime[40]);
a0p[36] = incG(runtime[43]);
a0p[37] = incG(runtime[44]);
a0p[38] = incG(runtime[45]);
a0p[39] = incG(runtime[46]);
a0p[40] = incG(runtime[47]);
a0p[41] = incG(runtime[48]);
a0p[42] = incG(runtime[49]);
a0p[43] = incG(runtime[50]);
a0p[44] = incG(runtime[51]);
a0p[45] = incG(runtime[52]);
a0p[46] = incG(runtime[53]);
a0p[47] = incG(runtime[54]);
a0p[48] = incG(runtime[55]);
a0p[49] = incG(runtime[56]);
a0p[50] = incG(runtime[57]);
a0p[51] = incG(runtime[58]);
a0p[52] = incG(runtime[59]);
a0p[53] = incG(runtime[60]);
a0p[54] = incG(runtime[62]);
a0p[55] = m_f64(0);
a0p[56] = m_f64(-1);
a0p[57] = m_f64(1.0/0.0);
a0p[58] = m_f64(1);
a0p[59] = m_f64(2);
a0p[60] = m_f64(5);
a0p[61] = m_f64(4);
a0p[62] = m_f64(127);
a0p[63] = m_f64(32);
a0p[64] = m_f64(10);
a0p[65] = m_f64(26);
a0p[66] = m_f64(23);
a0p[67] = m_f64(7);
a0p[68] = m_f64(3);
a0p[69] = m_f64(6);
a0p[70] = m_c32(U'\0');
a0p[71] = m_c32(U' ');
a0p[72] = m_c32(U'┐');
a0p[73] = m_c32(U'↕');
a0p[74] = m_c32(U'e');
a0p[75] = m_c32(U'.');
a0p[76] = m_c32(U'…');
a0p[77] = m_c32(U'␡');
a0p[78] = m_c32(U'␀');
a0p[79] = m_c32(U'·');
a0p[80] = m_c32(U'0');
a0p[81] = m_c32(U'\"');
a0p[82] = m_c8vec("@",1);
a0p[83] = m_c8vec("\'",1);
a0p[84] = m_c32vec(U"⟨⟩",2);
a0p[85] = m_c32vec(U"⟨",1);
a0p[86] = m_c32vec(U"⟩",1);
a0p[87] = m_c32vec(U"┌",1);
a0p[88] = m_c32vec(U"·─",2);
a0p[89] = m_c32vec(U"·╵╎┆┊",5);
a0p[90] = m_c32vec(U"┘",1);
a0p[91] = m_c32vec(U"┌┐",2);
a0p[92] = m_c32vec(U"└┘",2);
a0p[93] = m_c32vec(U"‿",1);
a0p[94] = m_c8vec("\'\"",2);
a0p[95] = m_c32vec(U"¯π∞_",4);
a0p[96] = m_c32vec(U"0AaÀàØø",7);
a0p[97] = m_c8vec("(",1);
a0p[98] = m_c8vec(")",1);
a0p[99] = m_c8vec("00321111",8);
a0p[100] = m_c8vec(" ",1);
a0p[101] = m_c32vec(U"{𝔽}",3);
a0p[102] = m_c8vec("*array*",7);
a0p[103] = m_c32vec(U"•Fmt: 𝕨 must be a list of up to two numbers (width, height)",59);
a0p[104] = m_c8vec(",",1);
a0p[105] = m_c8vec("<",1);
a0p[106] = m_c32vec(U"⥊",1);
a0p[107] = m_c8vec("Can\'t represent ",16);
a0p[108] = m_c8vec("block",5);
a0p[109] = m_c8vec("namespace",9);

B a1; B* a1p = m_lvBn(&a1, 24);
assume_separate_storage(a1p, iarrs);
a1p[0] = iarrs[28];
a1p[1] = iarrs[29];
a1p[2] = iarrs[30];
a1p[3] = iarrs[31];
a1p[4] = iarrs[32];
a1p[6] = iarrs[33];
a1p[8] = iarrs[34];
a1p[9] = iarrs[35];
a1p[10] = iarrs[36];
a1p[12] = iarrs[37];
a1p[13] = iarrs[38];
a1p[14] = iarrs[39];
a1p[15] = iarrs[40];
a1p[16] = iarrs[41];
a1p[17] = iarrs[42];
a1p[18] = iarrs[43];
a1p[19] = iarrs[44];
a1p[20] = iarrs[45];
a1p[21] = iarrs[46];
a1p[22] = iarrs[47];
a1p[23] = iarrs[48];
a1p[5] = m_blockinfo(0, iarrs0, iarrs[1]);
a1p[7] = m_blockinfo(0, iarrs0, iarrs[2]);
a1p[11] = m_blockinfo(0, iarrs0, iarrs[3]);

B a2; B* a2p = m_lvBn(&a2, 24);
assume_separate_storage(a2p, iarrs);
a2p[0] = iarrs[4];
a2p[1] = iarrs[5];
a2p[2] = iarrs[6];
a2p[3] = iarrs[7];
a2p[4] = iarrs[8];
a2p[5] = iarrs[9];
a2p[6] = iarrs[10];
a2p[7] = iarrs[11];
a2p[8] = iarrs[12];
a2p[9] = iarrs[13];
a2p[10] = iarrs[14];
a2p[11] = iarrs[15];
a2p[12] = iarrs[16];
a2p[13] = iarrs[17];
a2p[14] = iarrs[18];
a2p[15] = iarrs[19];
a2p[16] = iarrs[20];
a2p[17] = iarrs[21];
a2p[18] = iarrs[22];
a2p[19] = iarrs[23];
a2p[20] = iarrs[24];
a2p[21] = iarrs[25];
a2p[22] = iarrs[26];
a2p[23] = iarrs[27];
load_importBlock("(formatter)",
  iarrs[49],
  a0,
  a1,
  a2
);
