B iarrs[728];
static const i32 iarrs_data[] = {
 // 0
20, // 1
24, // 2
30, // 3
32, // 4
36, // 5
38, // 6
41, // 7
42, // 8
45, // 9
46, // 10
49, // 11
52, // 12
57, // 13
64, // 14
66, // 15
72, // 16
76, // 17
79, // 18
80, // 19
81, // 20
83, // 21
84, // 22
89, // 23
93, // 24
98, // 25
100, // 26
104, // 27
115, // 28
123, // 29
124, // 30
125, // 31
126, // 32
127, // 33
129, // 34
136, // 35
138, // 36
139, // 37
144, // 38
145, // 39
148, // 40
150, // 41
151, // 42
155, // 43
157, // 44
159, // 45
162, // 46
173, // 47
188, // 48
196, // 49
197, // 50
202, // 51
205, // 52
207, // 53
208, // 54
209, // 55
210, // 56
211, // 57
212, // 58
213, // 59
217, // 60
218, // 61
228, // 62
229, // 63
230, // 64
236, // 65
241, // 66
242, // 67
243, // 68
245, // 69
249, // 70
252, // 71
253, // 72
260, // 73
267, // 74
272, // 75
283, // 76
286, // 77
289, // 78
291, // 79
295, // 80
299, // 81
300, // 82
303, // 83
305, // 84
313, // 85
317, // 86
330, // 87
331, // 88
339, // 89
342, // 90
345, // 91
347, // 92
350, // 93
357, // 94
358, // 95
0,146, // 96
3478,3, // 97
3523,3, // 98
3531,3, // 99
3535,3, // 100
3548,3, // 101
3563,3, // 102
3575,2, // 103
3604,3, // 104
3636,2, // 105
3653,4, // 106
3715,5, // 107
3751,4, // 108
3833,3, // 109
3875,5, // 110
3933,4, // 111
3999,3, // 112
4054,3, // 113
4065,5, // 114
4140,9, // 115
4209,5, // 116
4286,5, // 117
4353,4, // 118
4409,8, // 119
4580,8, // 120
4737,3, // 121
4786,3, // 122
4832,6, // 123
4917,3, // 124
4941,7, // 125
5055,14, // 126
5397,4, // 127
5457,3, // 128
5482,3, // 129
5544,4, // 130
5615,6, // 131
5679,3, // 132
5719,5, // 133
5796,3, // 134
5813,14, // 135
5993,3, // 136
6039,3, // 137
6059,3, // 138
6076,4, // 139
6134,4, // 140
6197,5, // 141
6271,3, // 142
6330,0, // 143
6341,4, // 144
6412,3, // 145
6422,3, // 146
6429,3, // 147
6443,3, // 148
6451,3, // 149
6489,5, // 150
6526,5, // 151
6553,3, // 152
6578,3, // 153
6603,3, // 154
6630,7, // 155
6704,32, // 156
7446,3, // 157
7510,4, // 158
7608,7, // 159
7803,7, // 160
7829,14, // 161
8040,5, // 162
8119,9, // 163
8276,4, // 164
8352,7, // 165
8463,7, // 166
8579,3, // 167
8686,4, // 168
8760,10, // 169
8934,8, // 170
9008,7, // 171
9070,9, // 172
9237,9, // 173
9385,4, // 174
9495,8, // 175
9707,10, // 176
10089,3, // 177
10132,6, // 178
10363,4, // 179
10477,3, // 180
10614,2, // 181
10635,15, // 182
10739,8, // 183
10867,10, // 184
10940,4, // 185
11034,2, // 186
11042,3, // 187
11050,3, // 188
11058,3, // 189
11078,8, // 190
11152,3, // 191
11160,3, // 192
11168,3, // 193
11176,3, // 194
11184,3, // 195
11192,3, // 196
11203,3, // 197
11223,7, // 198
11263,5, // 199
11282,4, // 200
11338,3, // 201
11378,3, // 202
11426,3, // 203
11450,3, // 204
11496,3, // 205
11523,5, // 206
11610,3, // 207
11658,3, // 208
11697,3, // 209
11743,3, // 210
11784,3, // 211
11794,3, // 212
11832,3, // 213
11840,3, // 214
11870,3, // 215
11911,3, // 216
11956,3, // 217
11967,3, // 218
12032,4, // 219
12068,3, // 220
12083,3, // 221
12096,3, // 222
12114,3, // 223
12128,3, // 224
12138,3, // 225
12190,6, // 226
12213,3, // 227
12241,3, // 228
12249,3, // 229
12257,3, // 230
12265,5, // 231
12300,12, // 232
12473,3, // 233
12484,3, // 234
12504,3, // 235
12524,3, // 236
12535,3, // 237
12546,3, // 238
12561,7, // 239
12632,6, // 240
12678,3, // 241
12696,3, // 242
12703,6, // 243
12738,10, // 244
12915,4, // 245
12971,11, // 246
13172,4, // 247
13239,3, // 248
13264,2, // 249
13279,3, // 250
13306,8, // 251
13490,3, // 252
13519,3, // 253
13529,3, // 254
13548,3, // 255
13558,3, // 256
13567,3, // 257
13577,3, // 258
13594,3, // 259
13636,3, // 260
13640,5, // 261
13673,8, // 262
13784,9, // 263
13866,13, // 264
13971,3, // 265
13979,3, // 266
14001,7, // 267
14106,7, // 268
14135,11, // 269
14339,2, // 270
14397,10, // 271
14473,13, // 272
14600,5, // 273
14626,5, // 274
14648,5, // 275
14670,4, // 276
14681,5, // 277
14722,3, // 278
14754,5, // 279
14795,4, // 280
14806,3, // 281
14813,4, // 282
14824,4, // 283
14835,3, // 284
14843,6, // 285
14870,5, // 286
14891,6, // 287
14918,3, // 288
14926,4, // 289
14946,3, // 290
14962,3, // 291
14974,3, // 292
14988,8, // 293
15111,13, // 294
15210,18, // 295
15522,12, // 296
15682,4, // 297
15705,16, // 298
16219,5, // 299
16235,7, // 300
16371,6, // 301
16467,2, // 302
16517,8, // 303
16704,11, // 304
16908,3, // 305
16966,3, // 306
16993,3, // 307
17010,3, // 308
17027,8, // 309
17208,3, // 310
17239,2, // 311
17273,3, // 312
17308,3, // 313
17329,3, // 314
17350,5, // 315
17414,3, // 316
17434,8, // 317
17664,3, // 318
17732,3, // 319
17767,3, // 320
17798,3, // 321
17831,5, // 322
17898,3, // 323
17907,3, // 324
17926,3, // 325
17944,3, // 326
17957,3, // 327
17961,3, // 328
18007,2, // 329
18021,2, // 330
18036,6, // 331
18130,3, // 332
18140,3, // 333
18147,9, // 334
18281,3, // 335
18307,3, // 336
18331,3, // 337
18352,5, // 338
18485,3, // 339
18498,3, // 340
18534,5, // 341
18643,3, // 342
18690,5, // 343
18713,3, // 344
18730,14, // 345
19014,13, // 346
19211,3, // 347
19254,4, // 348
19337,3, // 349
19359,4, // 350
19386,3, // 351
19418,7, // 352
19486,3, // 353
19501,3, // 354
19536,3, // 355
19554,3, // 356
19587,3, // 357
19598,3, // 358
19617,3, // 359
19625,3, // 360
19641,3, // 361
19652,10, // 362
19870,3, // 363
19883,3, // 364
19887,2, // 365
19898,2, // 366
19910,5, // 367
19929,5, // 368
19950,3, // 369
20007,5, // 370
20018,2, // 371
20042,5, // 372
20050,5, // 373
20058,2, // 374
20070,2, // 375
20080,2, // 376
20098,3, // 377
20119,4, // 378
20155,7, // 379
20290,10, // 380
20479,6, // 381
20514,3, // 382
20584,3, // 383
20599,3, // 384
20658,3, // 385
20688,3, // 386
20716,3, // 387
20724,3, // 388
20732,1, // 389
20758,5, // 390
20778,4, // 391
20853,3, // 392
20886,3, // 393
20916,5, // 394
20941,3, // 395
21007,3, // 396
21021,3, // 397
21032,5, // 398
21131,4, // 399
21259,3, // 400
21283,3, // 401
21329,3, // 402
21362,3, // 403
21391,3, // 404
21399,3, // 405
21409,5, // 406
21445,3, // 407
21480,3, // 408
21506,3, // 409
21534,3, // 410
21556,5, // 411
21566,3, // 412
21599,3, // 413
21619,6, // 414
21634,2, // 415
21642,2, // 416
21650,5, // 417
21688,3, // 418
21698,3, // 419
21714,5, // 420
21765,3, // 421
21790,6, // 422
21899,3, // 423
21939,3, // 424
21980,5, // 425
22030,6, // 426
22165,3, // 427
22194,3, // 428
22213,3, // 429
22238,3, // 430
22256,7, // 431
22292,3, // 432
22308,6, // 433
22354,3, // 434
22362,8, // 435
22419,5, // 436
22448,3, // 437
22463,3, // 438
22513,3, // 439
22529,3, // 440
22547,3, // 441
22576,3, // 442
22595,3, // 443
22614,6, // 444
22693,5, // 445
22708,14, // 446
22872,3, // 447
22893,3, // 448
22901,3, // 449
22920,3, // 450
22936,4, // 451
22992,3, // 452
23024,3, // 453
23107,3, // 454
23141,3, // 455
23170,3, // 456
23187,3, // 457
23204,3, // 458
0,1,0, // 459
0,0,1, // 460
0,0,2, // 461
0,0,3, // 462
0,0,4, // 463
0,0,5, // 464
0,0,6, // 465
1,1,7, // 466
2,1,8, // 467
1,1,9, // 468
0,0,10, // 469
2,1,11, // 470
0,0,12, // 471
0,0,13, // 472
1,0,14, // 473
1,1,15, // 474
1,1,16, // 475
0,0,17, // 476
0,0,18, // 477
1,0,19, // 478
1,1,21, // 479
1,1,22, // 480
1,0,23, // 481
0,0,25, // 482
0,0,26, // 483
0,0,27, // 484
0,0,28, // 485
0,0,29, // 486
0,0,31, // 487
0,0,33, // 488
0,0,34, // 489
0,0,35, // 490
0,0,37, // 491
1,1,39, // 492
0,0,40, // 493
0,0,43, // 494
0,0,44, // 495
0,1,47, // 496
0,0,48, // 497
0,0,50, // 498
0,0,51, // 499
2,1,53, // 500
1,0,54, // 501
1,0,55, // 502
0,0,56, // 503
0,0,58, // 504
0,0,59, // 505
0,1,60, // 506
2,1,61, // 507
0,0,62, // 508
0,0,63, // 509
0,0,65, // 510
1,1,67, // 511
0,0,68, // 512
0,0,69, // 513
0,0,70, // 514
0,0,71, // 515
0,0,73, // 516
1,0,74, // 517
1,0,75, // 518
1,0,77, // 519
0,0,78, // 520
0,0,82, // 521
1,1,85, // 522
2,0,86, // 523
2,0,87, // 524
2,0,88, // 525
1,1,90, // 526
0,0,91, // 527
0,0,92, // 528
0,0,94, // 529
0,0,95, // 530
0,0,96, // 531
0,0,97, // 532
0,0,99, // 533
0,0,101, // 534
2,0,102, // 535
1,1,103, // 536
0,0,105, // 537
0,0,106, // 538
0,0,107, // 539
0,0,108, // 540
0,0,109, // 541
0,0,110, // 542
0,0,111, // 543
0,0,112, // 544
0,0,113, // 545
0,0,114, // 546
0,0,116, // 547
0,0,117, // 548
0,0,118, // 549
0,0,119, // 550
0,0,120, // 551
0,0,121, // 552
0,0,122, // 553
0,0,128, // 554
1,0,130, // 555
0,0,131, // 556
0,0,132, // 557
0,0,133, // 558
0,0,134, // 559
1,0,135, // 560
0,0,137, // 561
0,0,140, // 562
0,0,141, // 563
0,0,142, // 564
0,0,143, // 565
0,0,146, // 566
2,0,147, // 567
0,0,149, // 568
0,0,152, // 569
1,1,153, // 570
0,0,154, // 571
0,0,156, // 572
0,0,158, // 573
0,0,160, // 574
0,0,161, // 575
0,0,163, // 576
0,0,164, // 577
1,0,165, // 578
0,0,166, // 579
0,0,167, // 580
1,0,168, // 581
0,0,169, // 582
0,0,170, // 583
0,0,171, // 584
0,0,172, // 585
1,1,174, // 586
2,0,175, // 587
2,0,176, // 588
1,0,177, // 589
1,0,178, // 590
1,0,179, // 591
0,0,180, // 592
1,0,181, // 593
0,0,182, // 594
1,0,183, // 595
0,0,184, // 596
0,0,185, // 597
0,0,186, // 598
0,0,187, // 599
0,0,189, // 600
0,0,190, // 601
0,0,191, // 602
0,0,192, // 603
0,0,193, // 604
0,0,194, // 605
0,0,195, // 606
2,0,198, // 607
1,0,199, // 608
2,0,200, // 609
0,0,201, // 610
1,0,203, // 611
0,0,204, // 612
1,1,206, // 613
0,0,214, // 614
1,1,215, // 615
0,0,216, // 616
0,0,219, // 617
0,0,220, // 618
0,0,221, // 619
0,0,222, // 620
0,0,223, // 621
0,0,224, // 622
0,0,225, // 623
0,0,226, // 624
0,0,227, // 625
0,0,231, // 626
0,0,232, // 627
1,1,233, // 628
1,1,234, // 629
1,1,235, // 630
0,0,237, // 631
0,0,238, // 632
0,0,239, // 633
0,0,240, // 634
0,0,244, // 635
0,0,246, // 636
1,0,247, // 637
0,0,248, // 638
0,0,250, // 639
0,0,251, // 640
0,0,254, // 641
0,0,255, // 642
0,0,256, // 643
0,0,257, // 644
0,0,258, // 645
0,0,259, // 646
0,0,261, // 647
0,0,262, // 648
0,0,263, // 649
0,0,264, // 650
1,1,265, // 651
2,0,266, // 652
0,0,268, // 653
1,1,269, // 654
1,1,270, // 655
1,0,271, // 656
1,1,273, // 657
1,0,274, // 658
1,1,275, // 659
1,0,276, // 660
1,0,277, // 661
1,1,278, // 662
1,1,279, // 663
1,1,280, // 664
2,1,281, // 665
0,0,282, // 666
0,0,284, // 667
2,0,285, // 668
0,0,287, // 669
0,0,288, // 670
0,0,290, // 671
0,0,292, // 672
0,1,293, // 673
1,0,294, // 674
0,0,296, // 675
0,0,297, // 676
1,0,298, // 677
0,0,301, // 678
0,0,302, // 679
0,0,304, // 680
0,0,306, // 681
0,0,307, // 682
2,1,308, // 683
2,1,309, // 684
1,0,310, // 685
0,0,311, // 686
0,0,312, // 687
0,0,314, // 688
1,0,315, // 689
0,0,316, // 690
2,0,318, // 691
1,1,319, // 692
1,1,320, // 693
0,0,321, // 694
0,0,322, // 695
0,0,323, // 696
0,0,324, // 697
0,0,325, // 698
0,0,326, // 699
0,0,327, // 700
0,0,328, // 701
0,0,329, // 702
0,0,332, // 703
0,0,333, // 704
0,0,334, // 705
0,0,335, // 706
0,0,336, // 707
1,0,337, // 708
0,0,338, // 709
0,0,340, // 710
0,0,341, // 711
0,0,343, // 712
0,0,344, // 713
0,0,346, // 714
0,0,348, // 715
1,0,349, // 716
0,0,351, // 717
0,0,352, // 718
0,0,353, // 719
0,0,354, // 720
0,0,355, // 721
0,0,356, // 722
0,0,359, // 723
0,0,360, // 724
0,0,361, // 725
0,0,362, // 726
0,117,33,0,0,48,6,1,1,33,0,1,48,6,0,30,0,58,32,0,1,27,0,54,34,0,1,27,33,0,2,48,6,1,2,33,0,3,48,6,1,3,33,0,4,48,6,1,4,33,0,5,48,6,1,5,33,0,6,48,6,0,0,0,12,0,63,21,33,0,7,48,6,0,0,0,13,0,64,21,33,0,8,48,6,0,63,0,12,0,58,0,11,27,11,2,0,60,0,0,0,12,0,64,21,27,33,0,9,48,6,0,63,0,12,0,58,0,11,0,56,0,19,27,27,11,2,0,60,0,0,0,12,0,64,21,27,33,0,10,48,6,32,0,8,0,61,0,20,27,33,0,11,48,6,0,46,32,0,8,26,0,51,0,8,26,0,64,21,33,0,12,48,6,1,6,0,15,11,2,0,60,32,0,7,27,33,0,13,48,6,0,14,0,59,0,29,27,33,0,14,48,6,0,50,0,12,26,0,51,0,8,26,0,64,21,33,0,15,48,6,0,4,0,58,0,46,0,64,26,27,33,0,16,48,6,1,7,33,0,17,48,6,1,8,33,0,18,48,6,1,9,33,0,19,48,6,32,0,19,0,73,26,33,0,20,48,6,32,0,19,0,74,26,33,0,21,48,6,0,63,0,16,0,58,0,66,27,32,0,19,0,75,26,20,11,2,0,60,0,16,0,58,0,63,27,0,12,0,65,21,27,33,0,22,48,6,0,63,0,16,0,58,0,66,27,32,0,19,0,76,26,20,11,2,0,60,0,16,0,58,0,63,27,0,12,0,65,21,27,33,0,23,48,6,1,10,33,0,24,48,6,1,11,33,0,25,48,6,0,78,0,63,0,79,0,63,0,80,0,64,0,81,0,64,0,82,0,64,0,83,0,64,0,84,0,67,0,85,0,68,0,86,0,63,0,87,0,64,0,88,0,63,0,89,0,64,0,90,0,63,0,91,0,64,11,28,32,0,25,0,77,27,33,0,26,48,6,1,12,33,0,27,48,6,1,13,33,0,28,48,6,1,14,33,0,29,48,6,1,15,33,0,30,48,6,1,16,33,0,31,48,6,0,13,0,13,0,24,0,49,0,12,26,20,0,13,0,67,0,59,0,13,27,21,21,33,0,32,48,6,32,0,32,0,7,0,49,32,0,32,26,21,33,0,33,48,6,0,64,0,15,0,16,0,63,21,0,59,0,13,0,8,0,66,21,0,7,0,64,21,1,17,11,2,0,60,0,24,0,56,32,0,7,27,27,27,11,2,0,60,0,24,0,56,0,14,27,0,51,0,8,26,0,64,21,0,20,0,63,21,27,33,0,34,48,6,1,18,33,0,35,48,6,1,19,33,0,36,48,6,32,0,33,32,0,34,0,49,32,0,34,26,0,7,20,11,2,0,60,0,25,0,56,32,0,7,27,27,1,20,11,3,0,60,32,0,7,0,57,0,6,27,27,33,0,37,48,6,1,21,33,0,38,48,6,1,22,33,0,39,48,6,1,23,33,0,40,48,6,32,0,11,0,57,1,24,27,33,0,41,48,6,1,25,33,0,42,48,6,1,26,33,0,43,48,6,32,0,40,0,24,0,47,0,6,26,0,69,21,0,49,0,30,26,0,49,32,0,2,0,56,0,41,0,56,32,0,16,27,27,26,21,26,33,0,44,48,6,34,0,40,0,50,0,8,26,0,47,0,18,26,20,0,50,0,7,26,0,25,21,0,58,0,22,0,56,0,17,27,27,26,33,0,45,48,6,32,0,11,0,24,0,53,1,27,27,11,2,0,60,0,12,0,20,0,64,21,27,33,0,46,48,6,1,28,0,61,0,24,0,53,1,29,27,27,33,0,47,48,6,1,30,33,0,48,48,6,1,31,33,0,49,48,6,0,24,32,0,48,34,0,49,27,33,0,50,48,6,32,0,16,34,0,48,1,32,27,33,0,51,48,6,1,33,33,0,52,48,6,1,34,33,0,53,48,6,32,0,9,0,5,0,138,21,0,139,11,2,0,12,0,58,0,11,27,0,5,0,140,21,0,141,11,2,11,2,0,46,1,35,26,16,33,0,54,33,0,55,12,2,48,6,1,36,33,0,56,48,6,32,0,11,0,59,1,37,27,33,0,57,48,6,1,38,34,0,57,11,2,0,60,0,25,0,56,0,64,0,15,32,0,12,20,11,2,0,60,32,0,7,27,27,27,33,0,58,48,6,34,0,56,32,0,58,11,2,0,60,0,25,0,56,32,0,7,27,27,33,0,59,48,6,1,39,33,0,60,48,6,1,40,33,0,61,48,6,32,0,11,0,57,32,0,60,0,153,0,15,0,46,0,0,0,12,0,64,21,26,20,0,51,0,8,26,0,64,21,0,64,0,63,0,24,0,30,1,41,21,1,42,11,6,26,27,33,0,62,48,6,0,24,0,15,0,154,0,56,0,5,27,0,16,0,58,0,63,27,11,2,0,60,0,22,0,20,0,63,21,27,20,11,2,0,60,32,0,7,27,33,0,63,48,6,1,43,33,0,64,48,6,0,24,0,58,32,0,9,0,5,0,156,21,27,33,0,65,48,6,1,44,0,58,32,0,65,27,33,0,66,48,6,0,28,0,26,0,29,21,33,0,67,48,6,0,24,0,30,0,22,0,17,20,0,59,32,0,67,27,21,32,0,67,11,2,0,60,0,24,0,56,0,12,27,0,12,0,64,21,27,33,0,68,48,6,0,24,0,53,32,0,11,0,59,32,0,60,0,158,34,0,8,0,63,0,63,0,24,0,58,34,0,65,27,0,24,34,0,68,0,22,0,59,32,0,66,27,21,11,2,0,60,0,24,0,56,0,22,27,0,20,0,63,21,27,0,24,0,17,20,34,0,67,34,0,66,21,11,6,26,27,27,33,0,69,48,6,1,45,1,46,1,47,11,3,0,60,0,25,0,56,0,12,27,0,11,0,66,21,27,33,0,70,48,6,0,24,0,53,32,0,11,0,57,34,0,60,0,162,0,15,0,56,0,46,0,0,0,12,0,64,21,26,0,51,0,8,26,0,22,0,20,0,63,21,21,27,0,64,0,64,0,24,0,30,0,22,0,59,32,0,70,27,21,34,0,70,11,6,26,27,27,33,0,71,48,6,1,48,33,0,72,48,6,0,64,0,64,0,16,0,58,0,70,27,0,15,20,0,46,32,0,72,26,20,0,51,0,8,26,0,64,21,11,2,0,60,0,16,0,58,0,66,27,34,0,19,0,92,26,20,27,11,2,0,60,0,16,0,58,0,63,27,0,12,0,72,21,27,33,0,73,48,6,0,24,1,49,11,2,0,46,1,50,26,0,26,0,24,21,16,0,46,1,51,26,16,33,0,74,48,6,1,52,0,58,34,0,74,0,30,0,64,0,64,0,66,0,70,0,63,11,5,17,32,0,18,0,163,27,27,33,0,75,48,6,1,53,33,0,76,48,6,1,54,33,0,77,48,6,1,55,33,0,78,48,6,32,0,7,0,57,0,12,27,0,63,11,2,0,24,0,56,32,0,7,27,0,12,11,2,0,12,0,57,0,12,27,0,63,11,2,0,14,0,57,32,0,15,27,0,63,11,2,1,56,11,5,0,51,1,57,26,16,33,0,79,48,6,0,63,1,58,11,2,0,60,32,0,7,27,33,0,80,48,6,1,59,33,0,81,48,6,1,60,33,0,82,48,6,0,35,0,56,0,5,27,0,25,0,24,21,33,0,83,48,6,0,15,0,56,0,1,0,53,0,24,27,0,51,32,0,11,0,59,32,0,83,0,53,0,24,27,27,26,11,2,0,60,0,22,0,20,0,63,21,27,27,33,0,84,48,6,0,63,0,17,16,0,59,0,25,0,56,0,0,27,0,13,0,70,21,0,61,0,77,27,0,53,0,24,27,27,0,1,20,0,12,0,63,21,33,0,85,48,6,1,61,33,0,86,48,6,32,0,7,0,61,0,26,32,0,86,1,62,27,27,33,0,87,48,6,32,0,83,0,53,32,0,11,0,57,0,15,0,57,0,26,27,1,63,11,2,0,60,0,12,0,57,0,18,27,0,20,0,64,21,27,27,27,33,0,88,48,6,1,64,33,0,89,48,6,32,0,64,32,0,89,0,8,26,0,64,21,32,0,64,20,33,0,90,48,6,1,65,33,0,91,48,6,32,0,7,0,5,0,192,21,0,25,1,66,34,0,86,32,0,87,32,0,91,32,0,81,11,2,0,60,0,46,0,12,0,23,0,64,21,26,0,51,0,8,26,0,64,21,27,34,0,91,11,3,0,60,0,12,0,11,0,66,21,27,27,21,33,0,92,48,6,1,67,33,0,93,48,6,32,0,93,0,63,26,33,0,94,48,6,34,0,93,0,64,26,33,0,95,48,6,1,68,33,0,96,48,6,32,0,83,0,54,0,24,27,0,53,1,69,27,33,0,97,48,6,34,0,83,0,54,0,24,27,0,53,1,70,27,33,0,98,48,6,32,0,10,0,5,0,202,21,33,0,99,48,6,32,0,99,0,25,0,17,21,1,71,11,2,0,60,32,0,7,27,33,0,100,48,6,1,72,33,0,101,48,6,1,73,33,0,102,48,6,0,24,0,20,20,32,0,102,0,24,0,20,0,53,0,46,0,20,26,27,20,11,3,0,60,0,12,0,59,0,23,27,0,6,0,64,21,0,8,0,63,0,59,0,21,27,21,27,33,0,103,48,6,1,74,33,0,104,48,6,1,75,33,0,105,48,6,0,72,0,17,16,32,0,18,0,211,27,33,0,106,48,6,1,76,33,0,107,48,6,1,77,33,0,108,48,6,1,78,33,0,109,48,6,32,0,11,0,57,1,79,27,33,0,110,48,6,1,80,33,0,111,48,6,1,81,33,0,112,48,6,1,82,33,0,113,48,6,1,83,33,0,114,48,6,1,84,33,0,115,48,6,1,85,33,0,116,48,6,1,86,33,0,117,48,6,1,87,33,0,118,48,6,1,88,33,0,119,48,6,1,89,0,1,0,63,21,33,0,120,48,6,1,90,33,0,121,48,6,0,64,0,24,1,91,0,56,32,0,22,27,20,11,2,0,60,0,0,0,13,0,70,21,27,33,0,122,48,6,1,92,0,57,1,93,27,33,0,123,48,6,1,94,33,0,124,48,6,1,95,0,24,0,16,0,58,0,64,27,1,96,20,0,48,0,232,0,56,0,5,27,26,0,16,0,58,0,66,27,32,0,123,0,16,0,58,0,64,27,21,34,0,124,0,16,0,58,0,66,27,1,97,0,59,1,98,27,0,16,0,58,0,64,27,21,0,16,0,58,0,66,27,1,99,0,59,1,100,27,0,30,0,58,0,64,0,70,11,2,27,21,11,6,0,60,0,25,27,0,16,0,58,0,63,27,21,20,33,0,125,48,6,1,101,32,0,125,0,233,0,56,0,5,27,11,3,32,0,2,0,70,0,64,0,66,11,3,17,0,60,0,0,27,33,0,126,48,6,0,5,0,58,0,234,27,33,0,127,48,6,0,5,0,58,0,235,27,33,0,128,48,6,0,48,0,63,26,0,5,0,236,21,33,0,129,48,6,1,102,33,0,130,48,6,0,24,0,53,34,0,62,0,54,34,0,61,27,27,33,0,131,48,6,1,103,33,0,132,48,6,0,78,0,49,0,7,26,0,54,0,6,27,0,79,0,7,0,80,0,49,0,9,26,0,54,0,8,32,0,130,0,24,27,27,0,81,0,9,0,82,32,0,31,0,2,26,0,93,0,49,0,10,26,0,54,0,49,0,8,26,27,0,87,0,49,0,9,26,0,54,0,33,32,0,130,0,24,27,27,0,86,0,25,0,7,0,64,21,0,9,0,49,0,7,26,21,0,54,0,34,32,0,130,0,24,27,27,0,83,0,32,0,88,32,0,31,1,104,26,0,94,0,63,0,56,32,0,127,27,0,54,1,105,27,0,95,0,24,0,96,0,35,0,56,32,0,128,27,0,25,0,24,21,0,54,0,24,27,0,73,32,0,132,0,28,0,29,32,0,131,11,3,26,0,54,0,63,0,56,32,0,127,27,27,0,97,1,106,0,54,1,107,27,0,98,1,108,0,54,1,109,27,0,99,0,63,0,56,32,0,127,27,0,54,0,28,32,0,130,0,16,0,58,0,69,27,27,27,0,100,0,63,0,56,32,0,127,27,0,54,0,29,32,0,130,0,16,0,58,0,63,27,27,27,0,101,0,63,0,56,32,0,127,27,0,54,0,17,34,0,130,0,14,27,27,0,102,0,24,0,56,32,0,7,0,56,32,0,128,27,27,0,25,0,39,0,58,0,7,27,21,0,54,0,39,27,0,103,34,0,51,0,54,34,0,47,27,0,104,0,63,0,56,32,0,127,27,0,54,34,0,43,27,0,105,34,0,114,0,54,34,0,113,27,11,46,32,0,25,32,0,129,27,33,0,133,48,6,0,78,0,49,0,7,26,0,54,0,66,0,59,0,9,27,27,0,79,0,6,0,54,0,63,0,56,32,0,127,27,27,0,80,0,49,0,9,26,0,54,0,31,27,0,81,0,8,0,54,0,63,0,56,32,0,127,27,27,0,82,0,31,0,54,0,63,0,56,32,0,127,27,27,0,93,0,49,0,2,26,0,54,0,63,0,56,32,0,127,27,27,0,87,0,49,0,9,26,0,54,0,31,27,0,86,0,25,0,7,0,64,21,0,9,0,49,0,7,26,21,0,54,0,32,0,56,0,31,27,0,32,20,27,0,83,0,48,0,64,26,0,7,0,6,21,0,54,0,63,0,56,32,0,127,27,27,0,73,34,0,132,0,28,0,58,0,7,27,0,29,0,58,0,7,27,0,24,32,0,131,0,48,0,64,26,0,7,0,22,21,21,11,3,26,0,54,1,110,27,0,97,1,111,0,54,1,112,27,0,98,1,113,0,54,1,114,27,11,24,32,0,25,32,0,129,27,33,0,134,48,6,34,0,125,1,115,32,0,134,21,33,0,135,48,6,1,116,33,0,136,48,6,0,106,0,24,0,76,1,117,0,107,1,118,0,74,1,119,0,108,1,120,0,109,1,121,0,56,1,122,27,11,12,32,0,25,0,48,32,0,129,26,27,33,0,137,48,6,34,0,82,33,0,138,48,6,0,110,34,0,123,0,111,1,123,0,112,1,124,0,113,0,48,0,63,0,56,32,0,127,27,26,1,125,11,2,0,60,0,24,0,56,32,0,9,27,27,0,114,1,126,0,115,1,127,1,128,0,24,11,2,0,60,0,25,27,0,25,0,56,32,0,122,27,21,0,116,1,129,11,14,34,0,25,0,48,32,0,129,26,27,33,0,139,48,6,34,0,105,33,0,140,48,6,1,130,33,0,141,48,6,34,0,117,33,0,142,48,6,34,0,112,0,54,34,0,109,27,33,0,143,48,6,34,0,41,0,54,32,0,2,0,58,0,45,27,27,33,0,144,48,6,34,0,71,0,54,34,0,42,27,33,0,145,48,6,0,6,0,7,0,8,0,9,0,10,0,31,0,11,0,18,0,19,0,32,0,33,0,34,0,20,0,21,0,22,0,12,0,13,0,23,0,35,0,14,0,25,0,24,0,15,0,26,0,36,0,27,0,28,0,29,0,17,0,37,0,38,0,39,0,40,34,0,145,0,41,0,42,32,0,131,0,16,0,43,0,44,0,45,34,0,144,34,0,143,0,5,0,48,0,49,0,52,0,50,0,46,34,0,141,0,51,32,0,140,0,47,0,56,0,57,0,58,0,59,32,0,138,0,54,0,60,0,62,34,0,142,0,61,0,55,11,64,1,131,16,7,34,0,1,0,47,0,6,26,16,0,3,16,0,28,0,58,0,48,0,64,26,0,7,0,22,21,0,18,0,63,21,27,16,0,47,0,6,26,16,0,1,0,63,17,7,0,63,34,0,1,11,2,7,34,0,1,7,34,0,1,33,1,3,33,1,4,12,2,49,7,34,0,2,1,132,18,6,34,0,1,33,1,126,51,7,32,0,1,11,1,0,1,34,0,1,17,7,0,20,0,46,0,12,0,7,0,64,21,26,34,0,1,21,0,47,0,8,26,20,0,51,0,6,26,20,7,0,48,32,1,0,0,46,32,1,17,34,0,1,26,0,49,0,16,26,34,0,2,21,26,16,26,0,16,1,133,21,7,1,134,0,12,34,0,1,32,1,17,32,1,0,26,16,21,7,0,66,0,9,32,0,1,0,22,16,17,0,17,16,0,46,0,8,0,58,0,66,27,26,16,33,0,3,48,6,32,0,1,0,30,32,0,3,17,34,0,1,0,30,34,0,3,0,46,0,6,0,58,0,64,27,26,16,17,11,2,7,34,0,2,32,1,24,16,33,0,3,33,0,4,12,2,48,6,34,0,1,11,1,0,26,34,0,4,17,32,1,18,34,0,3,27,7,34,0,1,32,1,3,16,0,77,0,16,0,58,0,64,27,32,1,26,20,11,2,0,60,0,63,0,16,0,58,0,66,27,32,1,21,20,11,2,0,60,0,16,0,58,0,63,27,0,12,0,65,21,27,27,16,33,0,3,48,6,32,0,3,0,21,0,77,17,0,5,0,118,17,6,34,0,3,0,20,16,7,32,0,1,32,1,26,16,32,1,107,0,54,0,24,27,0,48,34,0,1,26,32,1,27,20,11,2,0,60,0,12,0,58,0,77,27,27,34,0,2,19,7,32,0,1,0,12,16,0,12,0,64,17,0,5,0,119,17,6,34,0,1,0,48,32,0,4,26,32,1,28,20,0,51,34,0,4,26,11,2,0,60,0,64,0,54,0,22,0,20,0,63,21,27,27,34,0,2,19,7,1,135,33,0,2,48,6,1,136,33,0,3,48,6,32,0,3,32,0,1,26,0,49,34,0,3,0,49,32,0,1,26,26,26,11,2,0,60,0,12,0,57,0,21,27,27,34,0,2,34,0,1,26,11,2,0,60,0,12,0,57,0,12,27,27,7,34,0,1,1,137,0,53,1,138,1,139,11,2,0,60,32,1,7,0,57,0,21,27,27,0,54,1,140,27,27,1,141,0,53,1,142,27,11,3,0,60,32,1,7,0,57,0,6,27,27,33,0,2,48,7,34,0,1,32,1,34,34,0,2,19,7,32,0,1,0,46,0,20,0,58,0,63,27,26,0,51,0,8,26,0,64,21,0,57,0,27,27,32,0,2,19,33,0,3,48,0,51,0,7,26,16,33,0,4,48,6,34,0,1,32,0,4,0,63,11,2,1,143,11,2,0,60,0,63,0,12,34,0,4,17,27,34,0,2,19,7,34,0,4,33,0,5,48,6,0,63,0,25,32,0,2,19,33,0,6,48,6,34,0,1,33,0,7,48,6,1,144,33,0,8,48,6,34,0,8,32,0,7,0,12,0,64,17,0,61,0,48,32,0,5,26,1,145,0,54,0,24,27,34,0,2,23,27,16,7,32,0,1,0,14,0,57,32,1,35,27,32,0,2,17,33,0,3,48,6,34,0,3,0,51,32,1,36,34,0,1,0,15,16,0,59,0,16,27,0,59,32,1,37,0,58,34,0,2,0,15,16,0,59,0,16,27,27,27,26,26,16,33,0,4,48,6,0,63,0,49,34,0,4,26,16,7,32,0,1,33,0,2,48,6,32,1,37,32,1,33,0,48,0,63,26,0,13,32,1,37,21,32,1,32,11,4,34,0,1,0,61,0,46,1,146,26,27,16,33,0,3,48,6,1,147,33,0,4,48,6,1,148,0,54,1,149,27,0,1,0,63,21,7,32,0,1,33,0,2,48,6,0,51,0,8,26,0,7,0,64,21,0,47,0,8,26,0,51,0,6,26,20,11,2,0,16,34,0,1,17,33,0,3,48,6,32,1,11,0,59,1,150,27,0,1,0,63,21,7,32,0,1,0,12,16,0,13,0,64,17,0,5,0,128,17,6,32,0,1,0,41,16,33,0,5,48,6,32,0,1,32,1,14,0,64,17,0,51,0,8,26,0,64,17,33,0,6,48,6,32,0,6,32,1,36,32,0,1,0,15,16,0,59,0,16,27,0,57,32,1,79,0,7,0,64,21,27,26,16,33,0,7,48,6,34,0,1,0,22,16,0,17,16,0,46,0,64,0,24,32,0,5,0,46,0,8,0,58,34,0,6,27,26,16,0,59,0,16,27,0,57,34,0,7,27,0,64,0,59,0,7,27,21,11,2,0,60,0,20,0,58,0,63,27,27,26,16,34,0,4,32,0,5,17,0,30,34,0,5,32,1,16,16,17,0,1,0,63,17,7,32,0,2,0,12,16,33,0,3,48,6,34,0,3,0,7,32,0,1,0,12,16,17,33,0,4,48,6,32,0,4,0,13,0,63,17,0,5,0,129,17,6,0,63,0,20,16,33,0,5,48,6,32,0,1,0,14,16,33,0,6,48,0,28,32,0,4,17,0,24,0,51,0,8,26,0,64,21,0,17,20,0,59,0,15,27,16,33,0,7,48,6,34,0,6,0,29,34,0,4,17,0,50,1,151,26,32,0,2,0,14,16,17,6,32,0,7,0,46,0,20,0,46,0,6,26,32,0,5,21,0,49,0,30,26,34,0,1,0,15,16,21,32,1,79,34,0,2,21,26,16,0,1,0,63,17,7,32,0,1,0,12,16,0,12,0,64,17,0,5,0,130,17,6,32,0,1,0,46,32,1,10,26,16,0,51,0,8,26,0,64,17,0,5,0,131,17,6,34,0,1,32,1,2,16,7,32,0,1,0,12,16,0,12,0,64,17,32,1,127,16,6,32,0,1,0,46,32,1,10,26,16,0,51,0,8,26,0,64,17,32,1,127,16,6,34,0,1,0,3,16,7,32,0,1,0,22,16,33,0,3,48,6,32,0,1,32,1,14,0,64,17,33,0,4,48,0,51,0,8,26,0,64,17,33,0,5,48,6,34,0,3,0,17,16,0,46,0,8,0,58,32,0,5,27,0,59,0,6,27,26,34,0,5,0,17,16,0,15,34,0,4,17,17,0,49,0,30,26,34,0,1,0,15,16,17,7,32,0,1,32,1,7,16,32,1,128,16,6,34,0,1,0,12,16,0,20,0,64,17,7,32,0,1,0,12,16,0,49,0,7,26,0,64,17,33,0,3,48,6,32,0,1,0,14,16,33,0,4,48,6,32,0,4,0,16,32,0,3,17,33,0,5,48,6,34,0,4,0,28,34,0,3,17,33,0,6,48,6,32,0,6,0,51,0,8,26,0,64,17,0,17,16,0,15,34,0,6,17,0,46,0,8,0,58,32,0,5,27,0,59,0,6,27,26,34,0,5,0,17,16,17,0,49,0,30,26,34,0,1,0,15,16,17,7,32,0,2,0,12,16,0,23,0,64,17,0,5,0,132,17,6,32,0,2,32,1,13,16,33,0,2,49,6,32,0,1,32,1,11,16,33,0,1,49,6,32,0,1,0,12,16,33,0,6,48,0,13,32,0,2,0,22,16,17,0,5,0,133,17,6,32,0,2,0,46,32,0,6,0,59,0,20,27,0,33,32,1,10,21,26,16,0,51,0,33,26,0,64,17,0,5,0,134,17,6,32,0,2,0,3,16,33,0,7,48,34,0,4,33,0,6,50,6,34,0,7,0,46,0,12,0,58,0,63,27,26,16,32,1,2,16,0,26,34,0,2,17,34,0,5,16,33,0,8,48,0,22,16,33,0,9,48,6,32,0,1,0,14,16,0,29,0,27,0,28,21,34,0,9,17,33,0,10,33,0,11,12,2,48,6,32,0,10,32,1,90,0,59,0,27,27,16,0,46,32,1,110,0,58,34,0,8,27,26,16,33,0,12,33,0,13,12,2,48,6,34,0,1,0,15,16,0,15,0,58,32,0,11,0,59,0,26,27,27,0,24,0,15,34,0,11,0,26,34,0,10,0,51,0,8,26,0,64,17,11,1,17,21,0,30,0,25,0,50,0,17,0,59,0,46,0,8,26,0,58,0,51,0,6,26,0,20,20,27,27,26,34,0,13,21,0,51,0,46,0,6,26,26,0,63,0,20,16,21,21,11,2,0,60,0,24,0,56,0,22,27,0,20,0,63,21,27,34,0,12,0,46,0,51,0,11,26,26,16,17,7,32,0,1,0,46,0,64,0,59,0,7,27,0,18,0,63,21,26,16,0,51,0,6,26,0,63,17,0,7,34,0,2,19,33,0,3,48,6,32,0,3,0,13,34,0,1,0,22,16,17,0,5,0,135,17,6,34,0,3,7,34,0,1,0,51,0,18,26,0,63,17,0,23,0,64,17,32,1,127,16,6,34,0,2,7,32,0,1,0,12,16,0,13,0,64,17,0,5,0,136,17,6,32,0,1,0,22,16,0,6,0,64,17,0,17,16,0,46,34,0,1,0,59,0,30,0,58,0,17,27,27,26,16,0,1,0,58,0,16,0,58,0,63,27,27,16,7,32,0,1,0,12,16,0,13,0,64,17,0,5,0,137,17,6,32,0,1,0,22,16,33,0,3,48,6,32,0,3,0,6,0,64,17,0,17,16,0,46,34,0,1,0,59,0,30,0,58,1,152,27,27,26,16,0,1,0,58,0,16,0,58,32,0,3,27,27,16,7,34,0,1,33,0,3,33,0,4,12,2,48,6,1,153,33,0,5,48,6,0,24,0,56,34,0,3,27,0,25,0,6,32,0,5,0,13,0,58,0,63,27,26,20,34,0,5,0,21,26,11,2,0,60,0,13,0,58,0,63,27,27,21,7,32,0,1,0,12,16,0,12,0,64,17,0,5,0,142,17,6,34,0,2,32,1,54,32,0,1,0,22,16,17,0,49,0,16,26,34,0,1,17,7,32,0,2,0,12,18,0,12,0,64,19,0,5,0,143,19,6,32,0,1,0,14,16,33,0,3,48,0,22,0,57,0,12,27,32,0,2,19,0,5,0,144,17,6,0,63,33,0,4,48,6,34,0,3,0,50,1,154,26,34,0,2,19,6,34,0,1,0,15,16,0,16,32,0,4,17,7,34,0,2,0,46,34,0,1,0,59,32,1,58,27,26,16,7,34,0,1,33,0,2,33,0,3,33,0,4,33,0,5,33,0,6,33,0,7,12,6,48,6,0,146,0,26,34,0,2,17,0,26,0,145,17,33,0,8,48,6,0,147,0,26,32,0,8,17,33,0,9,48,6,0,148,0,26,32,0,8,17,33,0,10,48,6,0,149,0,26,32,0,8,17,33,0,11,48,6,0,150,0,26,34,0,8,17,33,0,12,48,6,0,24,0,46,34,0,5,0,46,0,0,0,12,0,64,21,26,0,15,20,0,51,0,8,26,0,64,21,11,2,0,60,32,1,7,27,26,0,15,20,0,51,0,8,26,0,64,21,0,5,34,0,12,21,11,2,0,16,34,0,4,17,33,0,13,48,6,1,155,1,156,11,2,0,60,0,25,0,56,34,0,3,27,27,7,32,0,1,0,12,16,0,13,0,64,17,0,5,0,151,17,6,32,0,1,0,22,16,0,20,0,63,17,0,5,0,152,17,6,34,0,1,0,30,0,63,0,20,16,17,7,34,0,2,0,46,32,1,55,0,58,34,0,1,0,22,16,27,26,16,7,34,0,2,0,46,32,1,55,0,58,34,0,1,27,26,16,7,32,0,1,0,12,16,0,13,0,64,17,0,5,0,155,17,6,32,0,1,0,22,16,33,0,3,48,6,34,0,1,0,30,32,0,3,0,17,16,0,46,0,7,0,58,0,64,0,7,34,0,3,17,27,26,16,17,7,32,0,1,0,12,0,63,17,0,6,33,0,1,50,6,32,0,1,0,9,32,0,2,19,0,11,16,0,8,32,0,1,17,0,7,34,0,2,19,33,0,3,48,6,34,0,1,0,20,32,0,3,17,0,5,0,157,17,6,34,0,3,7,32,0,2,32,1,7,0,61,0,15,0,16,0,63,21,27,16,33,0,2,49,6,32,0,2,32,1,10,16,0,5,0,159,17,6,34,0,2,33,0,3,48,33,0,4,48,6,34,0,1,0,8,32,0,3,17,0,17,16,0,47,0,49,1,157,0,61,1,158,27,26,26,16,7,32,0,2,0,22,16,0,12,34,0,1,17,0,5,0,160,17,6,32,0,2,0,46,0,12,0,58,0,11,0,56,0,19,27,27,26,16,0,51,0,8,26,0,64,17,0,5,0,159,17,6,34,0,2,32,1,2,16,7,0,48,0,63,26,0,5,0,161,21,7,34,0,1,32,1,3,16,33,0,3,48,6,32,0,3,0,16,0,63,17,0,63,0,59,0,13,27,0,48,34,0,3,26,0,29,0,58,0,64,27,0,46,34,0,0,26,20,0,51,0,8,26,32,1,73,21,20,11,2,0,60,0,13,0,58,0,66,27,27,16,7,34,0,1,1,159,34,0,2,21,7,0,49,34,0,1,26,7,1,160,0,24,11,2,0,51,34,0,1,26,16,7,34,0,1,34,0,2,16,7,34,0,1,1,161,0,25,32,1,72,20,0,61,1,162,27,11,2,0,60,0,25,0,56,0,0,27,0,13,0,70,21,27,34,0,2,17,7,34,0,1,32,1,11,0,57,32,0,4,32,1,76,32,1,30,32,0,4,26,0,54,0,46,34,0,4,26,27,27,27,34,0,2,19,7,34,0,1,32,1,11,0,57,32,0,4,32,1,76,0,46,34,0,4,26,27,27,34,0,2,19,7,34,0,1,0,50,32,1,79,26,34,0,2,19,0,15,16,0,51,0,8,26,0,64,17,7,32,0,2,0,16,0,64,17,34,0,1,11,2,0,60,34,0,2,0,16,0,63,17,27,7,34,0,1,0,15,16,0,46,32,1,80,26,16,0,51,0,18,26,0,63,17,0,6,0,64,17,7,32,0,1,0,46,0,12,26,16,0,51,0,6,26,0,63,17,0,20,0,63,17,0,5,0,164,17,6,0,69,33,0,3,48,33,0,4,48,6,11,0,33,0,5,48,6,32,0,1,33,0,6,48,6,34,0,1,0,46,0,22,26,16,32,1,2,16,0,46,1,163,26,16,7,1,164,33,0,0,48,6,0,63,0,12,0,58,0,48,32,0,0,26,27,11,2,0,60,0,0,0,12,0,70,21,27,33,0,1,48,6,0,48,32,0,0,26,33,0,2,48,6,1,165,33,0,3,48,6,0,0,0,23,0,70,21,0,61,32,0,3,32,0,1,26,27,33,0,4,48,6,0,24,0,16,0,66,21,32,1,7,20,0,59,0,21,27,0,61,1,166,27,33,0,5,48,6,1,167,33,0,6,48,6,1,168,33,0,7,48,6,1,169,0,63,0,16,0,58,0,66,27,0,12,0,48,32,0,7,26,21,11,2,0,60,0,16,0,58,0,63,27,0,12,0,65,21,27,33,0,8,48,20,33,0,9,48,6,34,0,3,32,0,9,26,33,0,10,48,6,1,170,33,0,11,48,6,1,171,33,0,12,48,6,1,172,33,0,13,48,6,1,173,33,0,14,48,6,1,174,33,0,15,48,6,1,175,33,0,16,48,6,1,176,33,0,17,48,6,1,177,33,0,18,48,6,1,178,33,0,19,48,6,1,179,33,0,20,48,6,0,166,0,24,0,167,1,180,0,168,32,0,19,0,64,0,63,11,2,26,0,169,32,0,19,0,63,0,66,11,2,26,0,170,1,181,0,63,0,66,11,2,26,0,171,32,0,19,0,64,0,64,11,2,26,0,172,32,0,20,0,64,0,64,11,2,26,0,173,34,0,20,0,64,0,66,11,2,26,0,174,32,0,18,0,64,0,64,11,2,26,0,175,1,182,0,176,32,0,18,0,64,0,66,11,2,26,0,177,34,0,19,0,66,0,64,11,2,26,0,178,1,183,0,66,0,64,11,2,26,0,179,1,184,0,180,1,185,0,181,0,48,32,0,16,26,0,182,0,48,34,0,17,26,11,34,32,1,24,16,33,0,21,33,0,22,12,2,48,6,32,0,10,1,186,1,187,11,3,0,60,0,48,0,70,26,0,7,0,0,21,27,33,0,23,48,6,34,0,23,11,1,0,26,34,0,22,32,1,2,0,58,0,46,0,22,26,27,32,0,21,17,17,32,1,18,34,0,21,32,1,81,16,27,33,0,24,48,6,0,24,0,24,0,24,0,51,1,188,26,20,1,189,1,190,1,191,11,6,0,60,0,25,27,33,0,25,48,6,34,0,25,0,48,32,0,2,26,11,2,0,60,0,16,0,58,0,70,0,59,0,23,27,27,0,12,0,48,32,0,2,26,21,27,33,0,26,48,6,1,192,0,59,0,24,0,16,0,64,21,1,193,20,32,0,4,20,0,48,32,0,2,26,1,194,34,0,26,0,16,0,58,0,63,27,21,32,0,4,20,1,195,11,2,0,60,32,1,22,27,0,24,0,16,0,64,21,34,0,4,20,11,4,0,60,0,24,0,16,0,63,21,0,56,0,70,0,24,0,66,11,2,0,60,0,13,0,58,0,66,27,27,11,2,0,60,0,13,0,58,0,63,27,27,27,27,27,33,0,27,48,6,0,24,32,1,7,20,0,12,0,57,0,12,27,0,14,0,57,32,1,15,27,11,3,0,51,1,196,26,16,33,0,28,48,6,0,24,0,56,32,0,1,27,0,7,0,64,21,0,61,1,197,27,33,0,29,48,6,1,198,33,0,30,48,6,1,199,33,0,31,48,6,1,200,7,32,1,85,0,61,0,1,0,59,0,24,0,53,0,48,11,0,26,0,15,0,14,0,57,34,0,2,27,21,27,27,27,32,1,84,0,24,0,53,0,25,27,34,0,1,21,11,2,0,60,0,15,0,56,0,22,27,0,20,0,63,21,27,7,32,0,1,0,15,16,0,16,0,63,17,0,14,16,33,0,3,48,6,32,0,1,0,15,16,0,46,0,14,0,63,32,1,15,11,2,0,60,0,22,0,57,0,12,27,27,32,0,3,21,0,5,0,185,21,26,16,6,32,0,3,0,51,0,8,26,0,64,17,0,17,16,0,15,34,0,3,17,0,46,0,49,0,16,26,26,34,0,1,0,46,32,1,13,26,16,17,7,32,0,1,0,12,0,57,0,18,27,32,0,2,19,0,49,0,7,26,0,64,17,33,0,3,48,6,32,0,1,0,14,0,57,0,27,27,32,0,2,19,33,0,4,48,6,32,0,4,0,46,0,22,0,13,32,0,3,21,26,16,0,51,0,8,26,0,64,17,0,5,0,186,17,6,32,0,4,0,46,0,29,0,58,0,48,32,0,3,26,0,7,0,22,21,27,26,16,33,0,5,48,6,32,0,5,0,51,32,1,15,26,16,0,5,0,187,17,6,34,0,4,0,46,0,64,0,24,0,16,0,63,21,11,2,0,60,0,22,0,20,34,0,3,21,27,26,16,0,51,0,6,26,0,63,17,33,0,6,48,6,34,0,1,0,15,0,57,0,26,27,34,0,2,19,0,15,34,0,5,0,16,0,63,17,0,26,34,0,6,11,1,17,17,7,34,0,2,33,0,5,48,6,34,0,4,33,0,6,48,6,34,0,1,0,46,1,201,26,16,7,32,0,1,0,15,16,33,0,3,48,0,22,16,33,0,4,48,6,32,0,3,0,46,0,14,26,16,33,0,5,48,6,32,0,1,0,12,16,33,0,6,48,6,34,0,1,0,14,16,33,0,7,48,6,0,64,33,0,8,48,6,0,63,0,20,16,33,0,9,48,33,0,10,48,33,0,11,48,6,34,0,6,0,17,16,0,50,1,202,26,32,0,7,32,1,90,16,17,6,32,0,9,0,15,16,33,0,9,49,0,16,0,63,17,0,7,32,0,3,0,16,0,63,17,0,12,16,17,33,0,12,48,6,32,0,3,0,46,0,48,32,0,12,26,0,7,0,12,21,26,16,32,1,15,32,0,9,17,0,5,0,190,17,6,0,50,1,203,32,0,3,0,46,32,1,13,26,16,26,26,33,0,13,48,6,32,0,10,32,0,13,1,204,11,2,0,60,32,0,12,0,20,0,63,17,27,32,0,11,17,7,32,0,2,0,22,16,33,0,3,48,6,32,0,1,0,22,16,33,0,4,48,6,32,0,3,0,23,32,0,4,17,0,5,0,191,17,6,34,0,1,0,50,0,8,0,58,34,0,2,0,59,0,16,27,27,0,24,11,2,0,60,0,25,0,13,34,0,3,21,27,26,34,0,4,0,17,16,17,7,32,0,1,0,7,0,64,17,33,0,2,48,6,0,193,0,194,11,2,0,16,32,0,1,17,33,0,3,48,6,0,19,0,59,0,12,27,0,7,0,64,21,0,12,0,58,0,63,27,0,7,0,64,21,11,2,0,16,32,0,1,17,33,0,4,48,6,1,205,1,206,11,2,0,16,34,0,1,17,33,0,5,48,6,0,195,0,26,34,0,3,17,0,26,0,145,17,33,0,6,48,6,0,196,0,26,32,0,6,17,33,0,7,48,6,0,197,0,26,34,0,6,17,33,0,8,48,6,32,1,11,0,59,0,24,0,53,1,207,1,208,11,2,0,60,0,25,0,56,32,1,7,27,27,27,27,7,32,0,1,0,12,16,0,13,0,64,17,0,5,0,198,17,6,32,0,1,32,1,14,0,64,17,33,0,3,48,6,32,0,2,0,12,0,57,0,7,27,32,0,1,19,1,209,32,0,2,19,6,32,0,3,0,51,0,8,26,34,0,1,1,210,0,54,0,64,27,34,0,2,19,17,7,32,0,1,32,1,96,32,0,2,19,33,0,3,48,6,32,0,1,0,15,16,33,0,4,48,0,22,16,33,0,5,48,0,11,34,0,3,17,33,0,6,48,6,34,0,4,0,28,32,0,6,0,7,32,0,5,17,17,0,26,34,0,6,0,49,32,1,13,0,59,0,28,27,26,0,54,32,0,1,0,59,34,0,5,0,20,0,63,17,0,61,1,211,27,27,27,34,0,2,19,17,0,15,34,0,1,0,14,16,17,7,32,0,1,32,1,96,32,0,2,19,33,0,3,48,6,32,0,1,0,15,16,33,0,4,48,0,22,16,33,0,5,48,0,11,32,0,3,17,33,0,6,48,6,32,0,6,0,49,32,1,13,0,59,0,29,0,58,0,7,0,58,34,0,3,27,27,27,26,0,54,32,0,1,0,59,34,0,5,0,20,0,63,17,0,61,1,212,27,27,27,34,0,2,19,0,26,34,0,4,0,29,34,0,6,17,17,0,15,34,0,1,0,14,16,17,7,32,0,1,0,12,16,0,12,0,64,17,0,5,0,203,17,6,32,0,1,0,46,32,1,99,26,16,6,32,0,1,11,0,0,59,0,15,27,0,46,0,17,26,0,51,0,46,0,26,0,58,0,27,27,26,26,11,0,0,20,16,21,11,2,0,60,0,24,0,51,0,8,26,0,64,21,0,20,0,63,21,27,16,0,46,0,1,0,58,0,63,27,26,16,0,1,34,0,1,0,46,0,63,26,16,17,7,32,0,2,0,12,16,0,23,0,64,17,0,5,0,204,17,6,32,0,2,32,1,13,16,33,0,2,49,0,22,16,33,0,3,48,6,32,0,1,32,1,11,16,33,0,1,49,6,34,0,1,32,0,3,0,20,0,63,17,0,61,0,24,0,53,1,213,27,27,34,0,2,17,7,32,0,1,0,14,16,0,28,32,0,2,19,33,0,3,48,6,32,0,1,32,1,14,34,0,2,19,33,0,4,48,0,51,0,8,26,0,64,17,33,0,5,48,6,34,0,1,0,15,16,33,0,6,48,6,32,0,5,0,17,16,0,15,34,0,4,17,33,0,7,48,6,32,0,3,0,51,0,8,26,0,64,17,0,17,16,0,46,1,214,26,16,33,0,8,48,6,0,63,0,17,16,0,25,0,0,0,13,0,70,21,0,61,0,63,27,20,0,53,0,24,27,32,0,6,17,0,1,16,33,0,9,48,6,34,0,8,0,15,34,0,3,17,0,1,32,0,7,0,46,0,48,34,0,9,26,26,16,0,49,0,24,0,53,0,25,27,26,32,0,6,17,17,7,34,0,4,33,0,5,48,6,1,215,33,0,6,48,6,1,216,33,0,7,48,6,34,0,1,32,0,5,0,20,20,1,217,1,218,34,0,7,11,4,0,60,0,12,0,20,0,63,21,0,57,0,6,0,58,0,8,0,58,0,66,27,27,27,27,34,0,2,19,32,1,87,16,7,32,0,1,0,12,16,0,13,0,64,17,0,5,0,209,17,6,34,0,4,33,0,5,48,6,1,219,33,0,6,48,6,34,0,1,34,0,6,1,220,11,2,0,60,0,64,0,54,0,22,0,20,0,63,21,27,27,34,0,2,19,7,32,0,2,0,12,16,0,23,0,64,17,0,5,0,212,17,6,34,0,2,32,1,13,16,33,0,3,48,6,32,0,3,0,46,0,64,0,12,0,58,0,67,27,11,2,0,60,32,1,10,27,26,16,33,0,4,48,0,51,0,6,26,0,63,17,33,0,5,48,6,32,0,5,0,23,0,64,17,0,5,0,213,17,6,34,0,1,32,1,13,16,33,0,6,48,0,22,16,33,0,7,48,6,32,0,3,0,24,0,51,0,8,26,0,64,21,1,221,11,2,0,60,34,0,5,27,16,33,0,8,48,6,32,0,6,32,0,7,0,12,32,0,8,17,0,7,0,64,17,0,61,0,24,0,53,1,222,27,27,16,0,15,32,0,3,17,7,32,0,1,0,46,32,1,9,26,16,0,51,0,8,26,0,64,17,0,5,0,218,17,6,32,0,1,0,46,0,13,0,58,0,69,27,26,16,0,51,0,8,26,0,64,17,0,5,0,219,17,6,0,3,33,0,5,48,6,32,0,1,0,25,0,54,0,63,27,0,61,0,24,1,223,0,22,0,59,0,49,0,7,26,27,21,27,34,0,2,19,33,0,1,49,6,32,0,1,0,4,34,0,1,32,0,5,16,33,0,6,48,17,33,0,7,48,6,0,63,33,0,8,48,6,34,0,6,0,46,1,224,0,49,0,30,26,34,0,7,21,34,0,4,20,26,16,7,32,0,1,0,12,16,0,12,0,64,17,0,5,0,220,17,6,32,1,108,0,24,26,33,0,3,48,6,34,0,1,32,0,3,0,1,0,63,0,56,0,17,27,21,0,46,32,1,11,0,56,1,225,27,26,0,51,0,46,0,46,0,26,26,26,26,11,0,0,20,16,0,20,16,21,0,1,0,46,0,63,26,11,0,0,59,0,15,27,0,1,0,24,21,20,21,11,2,0,60,0,35,0,20,0,64,21,27,16,7,32,0,2,0,12,16,33,0,3,48,6,32,0,1,0,12,16,0,13,32,0,3,17,0,5,0,221,17,6,32,0,1,0,14,16,33,0,4,48,0,28,32,0,3,17,0,50,0,7,26,32,0,2,0,14,16,17,33,0,5,48,6,32,0,5,0,63,0,16,0,58,0,63,27,0,12,0,64,21,11,2,0,60,32,0,3,0,12,0,64,17,27,16,33,0,6,48,6,34,0,5,0,46,0,12,0,58,0,63,27,26,0,51,0,8,26,0,64,21,0,64,11,2,0,60,32,0,6,27,16,0,5,0,222,17,6,32,0,1,0,59,0,24,0,53,0,25,0,56,32,0,1,0,15,16,1,226,1,227,11,2,0,60,34,0,1,0,12,16,0,12,32,0,3,17,27,16,27,27,27,33,0,7,48,6,34,0,2,0,15,16,32,1,108,32,0,7,26,34,0,6,17,0,1,11,0,34,0,7,16,17,7,32,0,2,0,12,16,0,12,0,64,17,0,5,0,223,17,6,32,0,2,0,46,0,12,26,16,33,0,3,48,0,51,0,6,26,0,63,17,33,0,4,48,6,32,0,1,0,12,16,0,13,32,0,4,17,0,5,0,224,17,6,32,0,1,0,14,16,0,28,32,0,4,17,0,50,0,7,26,32,0,2,0,46,0,14,26,16,32,1,81,16,17,33,0,5,48,6,32,0,3,0,46,0,12,0,58,0,64,27,26,16,32,1,2,32,0,3,17,0,50,0,13,0,8,0,25,0,13,0,63,21,21,26,32,0,5,17,0,51,0,8,26,0,64,17,0,5,0,222,17,6,0,63,11,1,0,26,34,0,5,17,0,30,32,0,3,32,1,89,0,6,26,0,63,17,17,0,50,0,11,26,34,0,3,17,33,0,6,48,6,32,0,2,0,46,32,1,13,26,16,33,0,2,49,0,50,0,22,0,59,0,49,0,7,26,27,26,32,0,6,17,33,0,7,48,6,0,48,32,0,1,26,32,1,107,34,0,1,32,1,14,34,0,4,17,0,59,0,26,27,21,33,0,8,48,6,32,0,7,0,51,0,8,26,0,64,17,11,1,32,0,8,16,0,59,0,30,27,33,0,9,48,6,32,0,2,0,16,0,58,0,63,27,0,57,32,1,108,32,0,9,26,27,0,50,32,1,108,0,24,26,26,0,50,1,228,26,34,0,7,32,1,90,16,21,0,51,0,46,0,46,0,6,26,26,26,20,0,46,34,0,9,26,20,11,2,0,60,0,24,0,56,0,22,27,0,22,0,64,21,27,34,0,6,17,0,1,34,0,2,0,46,0,63,26,16,34,0,8,16,17,7,32,0,1,32,1,7,16,0,5,0,225,17,6,34,0,1,32,1,110,32,1,111,11,2,0,60,32,0,2,0,35,16,0,13,0,66,17,27,34,0,2,17,7,32,0,1,0,12,16,0,12,0,64,17,32,1,127,16,6,32,0,1,0,46,0,12,0,12,0,64,21,26,16,0,51,0,8,26,0,64,17,32,1,128,16,6,32,0,1,32,1,81,16,33,0,3,48,6,32,0,3,0,46,0,12,0,22,0,64,21,26,16,0,51,0,8,26,0,64,17,32,1,127,16,6,32,0,3,0,46,32,1,10,26,16,0,51,0,8,26,0,64,17,32,1,128,16,6,32,0,1,0,46,0,22,0,20,0,63,21,0,61,0,51,1,229,26,27,26,16,6,32,0,3,0,3,16,33,0,4,48,6,32,0,4,0,46,0,64,0,59,0,13,27,26,16,0,51,0,8,26,0,64,17,32,1,128,16,6,34,0,4,0,46,0,7,0,58,0,64,27,26,16,32,1,2,16,33,0,5,48,6,32,0,5,0,46,0,69,26,16,0,26,34,0,1,0,46,0,22,26,16,32,1,2,16,17,0,30,34,0,5,0,26,34,0,3,17,32,1,16,16,17,7,32,0,2,0,12,16,0,12,0,64,17,32,1,127,16,6,32,0,2,0,46,32,1,10,26,16,0,51,0,8,26,0,64,17,32,1,127,16,6,32,0,2,0,3,16,33,0,3,48,6,32,0,1,0,22,0,57,0,12,27,32,0,3,17,32,1,128,16,6,32,0,1,0,46,0,22,26,16,32,1,15,32,0,3,17,32,1,128,16,6,34,0,1,32,1,92,16,0,30,34,0,2,0,4,34,0,3,17,32,1,16,16,17,7,32,0,1,0,12,16,0,23,0,64,17,0,5,0,226,17,6,32,0,1,32,1,13,16,33,0,1,49,6,32,0,1,0,22,16,0,70,0,59,0,13,27,0,8,0,13,0,58,0,64,27,21,16,0,5,0,227,17,6,32,0,1,0,46,32,1,9,26,16,0,51,0,8,26,0,64,17,0,5,0,228,17,6,34,0,2,0,46,0,25,0,8,0,49,0,9,0,56,0,11,27,26,21,0,49,0,7,26,0,64,21,0,6,0,7,21,0,58,32,0,1,0,22,16,27,26,16,0,49,0,30,26,34,0,1,17,7,34,0,1,32,1,115,0,64,0,63,11,2,0,54,0,66,11,1,27,21,7,32,0,1,32,1,116,34,0,5,26,32,0,2,19,33,0,6,48,0,46,0,21,0,58,0,63,27,26,16,33,0,7,48,6,34,0,4,33,0,8,48,6,1,230,0,54,1,231,27,33,0,9,48,6,0,63,33,0,10,48,6,1,232,33,0,11,48,6,1,233,33,0,12,48,6,1,234,33,0,13,48,6,1,235,33,0,14,48,6,34,0,1,32,0,14,34,0,6,26,34,0,2,19,7,0,24,0,25,11,2,0,60,0,20,27,33,0,6,48,6,32,0,1,32,1,116,34,0,5,26,0,50,0,7,0,59,32,0,6,27,34,0,6,0,7,0,25,21,11,2,0,60,0,24,0,13,0,63,21,27,26,0,12,0,57,0,27,27,21,32,0,2,19,33,0,7,48,6,34,0,1,32,1,103,32,0,7,0,16,0,58,0,22,0,49,0,7,26,0,64,21,27,16,17,32,1,77,34,0,4,26,34,0,2,32,1,103,34,0,7,0,16,0,63,17,19,19,32,1,87,16,7,34,0,4,33,0,6,48,6,0,63,1,236,0,54,0,48,1,237,26,27,32,0,2,19,33,0,7,48,6,32,0,1,34,0,5,34,0,2,19,33,0,8,48,6,1,238,33,0,9,48,6,34,0,1,34,0,9,1,239,11,2,0,60,32,0,8,32,1,10,16,27,16,7,32,0,2,0,12,16,0,49,0,7,26,0,64,17,33,0,3,48,6,32,0,3,0,13,0,63,17,0,5,0,230,17,6,32,0,1,0,12,16,0,13,34,0,3,17,0,5,0,231,17,6,34,0,1,0,43,0,58,32,0,2,27,0,15,0,56,32,1,45,27,0,15,0,14,21,0,59,0,50,0,27,26,27,20,0,57,0,43,27,34,0,2,17,7,34,0,1,32,1,126,16,7,34,0,1,32,1,3,16,7,34,0,1,32,1,126,16,7,32,0,2,0,59,32,0,1,27,0,54,34,0,2,34,0,1,20,27,7,34,0,1,33,0,3,33,0,4,33,0,5,33,0,6,12,4,48,6,32,1,122,0,32,20,33,0,7,48,6,34,0,6,1,240,1,241,0,48,32,1,129,26,11,2,0,60,0,24,0,56,32,0,7,27,27,11,2,0,60,0,25,0,56,34,0,7,27,27,34,0,4,17,7,34,0,1,32,1,3,16,7,34,0,1,32,1,133,16,7,34,0,1,32,1,137,16,7,34,0,2,34,0,1,16,7,34,0,1,32,1,139,16,7,34,0,2,0,51,34,0,1,26,16,7,0,24,0,35,0,56,32,1,128,27,34,0,1,21,0,25,0,24,21,7,32,0,1,34,0,4,32,0,2,19,33,0,6,48,6,32,0,6,34,0,5,34,0,2,19,0,35,34,0,1,17,32,1,128,16,6,34,0,6,7,34,0,1,33,0,2,33,0,3,33,0,4,12,3,48,6,1,242,7,0,12,0,58,0,64,27,0,34,0,12,0,58,0,63,27,21,33,0,3,48,6,32,0,1,32,0,3,16,32,1,128,16,6,32,0,2,34,0,3,16,32,1,127,16,6,34,0,2,0,22,34,0,1,17,7,32,0,1,32,1,7,16,32,1,128,16,6,32,0,1,0,12,16,0,12,0,63,17,32,1,128,16,6,34,0,1,0,15,16,0,16,0,63,17,7,32,0,1,0,22,16,0,12,0,66,17,32,1,128,16,6,32,0,1,32,1,131,16,0,35,34,0,2,32,1,11,18,19,32,1,128,16,6,34,0,1,32,1,131,0,64,17,7,32,0,1,0,22,16,0,12,0,64,17,32,1,128,16,6,34,0,1,32,1,131,16,7,32,0,1,0,14,16,0,35,0,66,11,1,17,32,1,128,16,6,32,0,1,0,16,0,63,17,0,35,34,0,2,19,32,1,128,16,6,34,0,1,0,16,0,64,17,7,32,0,1,0,14,16,0,35,0,64,11,1,17,32,1,128,16,6,34,0,1,0,16,0,63,17,7,32,0,1,0,12,16,0,13,0,64,17,32,1,128,16,6,32,0,1,0,22,16,33,0,3,48,0,49,0,9,26,0,66,17,0,11,16,33,0,4,48,6,32,0,4,0,8,0,66,17,0,12,34,0,3,17,32,1,128,16,6,34,0,1,0,29,0,35,0,56,32,1,128,27,0,25,0,24,21,0,28,21,34,0,4,17,7,32,0,1,0,22,16,0,12,0,66,17,32,1,128,16,6,32,0,1,32,1,131,0,64,17,0,35,34,0,2,32,1,11,18,19,32,1,128,16,6,34,0,1,32,1,131,16,7,32,0,1,0,22,16,0,12,0,66,17,32,1,128,16,6,32,0,1,32,1,140,0,35,26,16,32,1,128,16,6,34,0,1,32,1,131,16,7,32,0,1,0,14,16,0,35,0,66,11,1,17,32,1,128,16,6,32,0,1,0,16,0,64,17,0,35,34,0,2,19,32,1,128,16,6,34,0,1,0,16,0,63,17,7,32,0,1,0,14,16,0,35,0,66,11,1,17,32,1,128,16,6,32,0,1,0,51,0,35,26,16,32,1,128,16,6,34,0,1,0,16,0,63,17,7,34,0,1,0,54,34,0,2,27,7,32,0,1,32,1,3,16,0,48,34,0,1,26,32,1,134,20,0,16,0,58,0,64,27,32,1,135,20,11,2,0,60,32,1,23,27,16,7,34,0,1,32,1,136,16,7,0,24,0,56,0,35,27,0,20,0,63,21,32,1,128,20,0,25,0,50,32,1,121,34,0,1,26,26,21,7,0,24,0,56,0,35,27,0,20,0,63,21,32,1,128,20,0,25,0,63,0,56,32,1,127,27,0,54,0,46,32,1,121,34,0,1,26,26,27,21,7,0,24,0,56,0,12,27,0,20,0,63,21,32,1,128,20,0,25,0,52,32,1,121,34,0,1,26,0,24,0,58,32,1,7,0,56,32,1,128,27,27,20,26,21,7,0,50,32,1,121,34,0,1,26,26,7,0,24,0,56,0,12,27,0,20,0,63,21,32,1,128,20,0,25,0,24,32,0,1,0,38,21,0,54,0,22,0,20,0,64,21,0,61,0,29,0,58,0,64,27,34,0,1,0,29,0,58,0,69,27,21,0,26,32,1,131,21,27,27,21,7,32,1,121,34,0,2,26,33,0,3,48,6,32,0,3,0,58,32,0,1,27,0,54,34,0,3,27,32,1,121,34,0,1,26,20,7,34,0,1,32,1,138,32,1,121,34,0,2,26,27,7,34,0,1,0,7,16,0,61,34,0,2,27,7,32,1,121,34,0,1,26,0,54,32,1,121,34,0,2,26,27,7,32,1,121,34,0,1,26,0,58,34,0,2,27,7,34,0,1,0,54,32,1,129,27,7,32,1,121,32,0,2,26,32,1,121,32,0,1,26,20,0,54,34,0,1,0,48,0,63,0,56,32,1,127,27,26,1,243,11,2,0,60,0,24,0,56,32,1,122,27,27,34,0,2,17,27,7,34,0,4,32,1,126,16,33,0,5,48,6,34,0,1,34,0,5,34,0,2,19,7,0,20,0,43,32,0,1,21,0,16,20,33,1,4,49,6,34,0,1,32,1,5,32,1,6,11,3,7,34,0,1,33,2,136,51,7,34,0,1,32,2,4,16,7,34,0,1,32,2,4,16,7,32,0,1,0,14,0,57,32,2,15,27,32,0,2,19,0,5,0,120,17,6,34,0,1,0,50,34,0,4,26,34,0,2,19,7,32,0,2,0,14,16,33,0,5,48,6,32,0,2,0,12,16,33,0,6,48,6,32,0,1,0,14,16,33,0,7,48,6,32,0,7,0,28,32,0,6,17,32,2,15,34,0,5,17,0,5,0,121,17,6,32,0,7,0,29,34,0,6,17,0,51,0,8,26,0,64,17,33,0,8,48,6,34,0,2,0,15,16,33,0,9,48,0,22,16,33,0,10,48,6,34,0,1,0,15,16,33,0,11,48,6,0,63,0,21,32,0,10,17,0,8,32,0,8,17,0,17,0,57,0,46,0,48,34,0,11,26,0,16,0,6,0,58,0,8,0,58,34,0,8,27,27,21,34,0,4,34,0,9,0,59,0,16,27,21,26,27,34,0,10,17,0,15,34,0,7,17,7,34,0,1,32,1,2,34,0,2,19,7,34,0,1,0,46,32,1,2,0,58,0,48,34,0,2,26,27,26,16,7,34,0,2,0,46,0,48,34,0,1,26,0,59,32,1,2,27,26,16,7,34,0,1,0,46,32,1,2,26,16,7,34,0,1,32,1,2,34,0,2,19,7,34,0,1,32,2,30,32,1,2,26,34,0,2,19,7,0,27,0,16,0,23,21,0,27,32,2,33,21,33,0,3,48,6,32,0,1,0,22,0,57,32,0,3,27,32,0,2,19,33,0,4,33,0,5,12,2,48,6,34,0,1,1,244,0,57,1,245,27,34,0,2,19,33,0,6,48,6,32,0,4,34,0,6,11,2,7,34,0,2,33,0,3,48,6,34,0,1,33,0,4,48,6,1,246,32,1,6,11,2,0,60,0,12,0,58,32,1,7,27,27,33,0,5,48,6,0,63,32,0,5,16,7,34,0,1,0,12,0,58,0,63,27,0,61,34,0,2,27,20,7,0,49,34,0,1,26,7,32,1,3,0,16,32,0,1,17,34,0,4,16,0,64,0,13,34,0,1,17,0,61,1,247,34,0,5,26,27,34,0,2,19,7,32,0,2,0,12,16,0,49,0,7,26,0,64,17,33,0,3,48,0,7,32,0,1,0,12,16,17,33,0,4,48,6,34,0,3,0,13,0,63,17,0,5,0,123,17,6,32,0,4,0,13,0,63,17,0,5,0,124,17,6,32,0,2,32,2,14,0,64,17,33,0,5,48,6,32,0,2,0,22,16,33,0,6,48,6,32,0,1,32,2,11,16,33,0,1,49,6,32,0,1,32,2,14,32,0,4,17,33,0,7,48,6,32,0,1,0,14,16,0,28,34,0,4,17,33,0,8,48,0,51,0,8,26,0,64,17,33,0,9,48,6,34,0,1,0,15,0,57,1,248,1,249,11,2,0,60,32,0,6,0,20,0,63,17,27,27,34,0,2,17,0,15,34,0,8,17,7,32,0,1,0,12,16,0,13,0,64,17,0,5,0,122,17,6,32,0,1,0,22,16,33,0,3,48,6,34,0,1,32,0,3,0,56,0,17,27,1,250,11,2,0,60,32,0,3,0,13,0,66,17,27,16,7,32,0,2,0,12,16,0,49,0,7,26,0,64,17,33,0,3,48,6,32,0,3,0,13,0,63,17,0,5,0,126,17,6,32,0,1,0,12,16,0,13,32,0,3,17,0,5,0,127,17,6,32,0,2,0,22,16,33,0,4,48,6,32,0,2,32,2,14,0,64,17,33,0,5,48,0,51,0,8,26,0,64,17,33,0,6,48,6,32,0,1,0,12,16,0,49,0,7,26,34,0,3,17,33,0,7,48,6,32,0,1,0,14,16,0,28,32,0,7,17,33,0,8,48,0,51,0,8,26,0,64,17,33,0,9,48,6,34,0,1,1,251,1,252,11,2,0,60,0,63,32,2,14,0,58,34,0,7,27,32,2,15,34,0,5,21,11,2,0,60,32,0,6,0,8,32,0,4,17,0,20,0,63,17,33,0,10,48,27,27,34,0,2,17,0,15,34,0,8,17,7,0,17,0,59,0,46,0,6,26,0,58,0,46,32,0,1,0,59,0,8,27,26,27,27,33,0,3,48,6,32,0,2,32,0,3,33,1,5,50,6,34,0,2,0,7,34,0,1,17,0,6,0,64,17,0,18,0,63,17,34,0,3,33,1,7,50,7,32,0,1,0,7,32,1,3,17,0,17,16,0,46,0,6,0,58,34,0,1,27,26,16,7,34,0,1,0,5,32,1,4,21,0,25,0,24,21,7,32,1,4,0,8,32,0,1,17,0,6,34,0,2,32,2,54,34,0,1,19,19,33,1,4,49,7,32,0,2,0,12,16,0,23,0,64,17,0,5,32,1,10,17,6,32,0,2,32,1,13,16,6,32,0,2,0,15,16,33,0,2,49,0,22,16,33,0,3,48,6,32,0,1,0,12,16,0,13,32,0,3,17,0,5,32,1,11,17,6,32,0,1,0,14,16,33,0,4,48,0,28,32,0,3,17,33,0,5,48,0,50,32,1,7,26,34,0,2,17,33,0,6,48,6,32,0,5,1,253,1,254,11,2,0,60,32,0,6,0,46,0,15,0,56,0,22,27,26,16,0,51,0,8,26,0,64,17,0,20,0,63,17,27,34,0,6,17,33,0,7,48,6,34,0,1,0,15,34,0,4,0,29,34,0,3,17,0,26,34,0,5,0,51,0,8,26,0,64,17,11,1,17,17,0,30,34,0,7,17,7,32,0,1,0,12,16,0,13,0,64,17,0,5,32,1,9,17,6,34,0,1,32,1,6,34,0,2,19,7,34,0,2,0,12,32,1,4,17,7,32,1,3,0,6,33,1,4,50,6,34,0,1,0,6,0,64,17,7,34,0,1,0,54,34,0,2,27,7,34,0,1,0,1,0,63,21,7,34,0,1,0,1,34,0,2,23,7,32,0,2,0,53,34,0,1,32,2,75,34,0,2,17,27,7,34,0,1,0,12,0,58,32,1,4,27,0,7,0,64,21,0,61,1,255,27,16,6,32,1,5,0,16,0,64,0,6,32,1,3,17,33,1,3,49,17,7,34,0,1,7,0,48,32,1,0,26,34,0,1,11,2,0,60,34,0,4,0,7,0,64,21,0,57,0,8,0,54,0,24,27,27,27,7,34,0,1,33,0,3,33,0,4,33,0,5,33,0,6,12,4,48,6,34,0,4,0,15,16,0,16,32,0,5,17,33,0,7,48,6,34,0,3,11,0,34,0,5,11,1,0,59,0,26,27,11,2,0,60,32,2,7,27,16,32,0,7,34,0,7,0,63,0,14,0,56,0,24,0,51,0,8,26,0,64,21,0,17,20,0,59,0,15,27,27,0,1,0,77,21,11,2,0,60,32,2,7,27,16,34,0,6,11,4,7,34,0,1,33,0,3,33,0,4,33,0,5,33,0,6,12,4,48,6,1,256,33,0,7,48,6,34,0,5,0,46,1,257,32,2,3,0,16,0,64,21,11,2,0,60,32,1,9,27,32,1,5,0,64,21,34,0,7,20,26,16,33,0,8,48,6,11,0,0,77,34,0,8,0,64,0,64,11,2,11,4,7,34,0,1,33,0,5,33,0,6,33,0,7,12,2,12,2,48,6,34,0,4,32,1,5,32,0,6,0,20,0,63,17,17,34,0,6,0,12,0,66,17,0,61,32,1,6,27,16,33,0,8,33,0,9,33,0,10,33,0,11,33,0,12,12,2,12,4,48,6,34,0,10,34,0,5,34,0,2,19,32,0,7,0,20,0,63,17,0,61,32,1,9,0,7,0,64,21,0,61,1,258,27,27,16,7,34,0,1,32,2,3,16,7,32,1,7,0,69,34,0,1,11,1,0,63,0,63,0,63,11,2,11,4,26,7,0,63,33,0,3,48,6,0,63,33,0,4,48,6,1,259,33,0,5,48,6,34,0,1,32,2,31,0,25,32,1,8,20,0,61,1,260,1,261,11,2,0,60,0,25,0,16,0,63,21,0,22,20,0,20,0,63,21,27,0,58,0,16,0,58,0,64,27,27,27,0,58,32,2,3,27,26,16,33,0,6,48,6,32,1,7,11,0,0,77,34,0,6,32,0,3,32,0,4,11,2,11,4,26,7,34,0,1,33,0,3,33,0,4,33,0,5,33,0,6,12,4,48,6,34,0,5,0,46,1,262,26,16,7,34,0,2,34,0,1,11,2,0,46,32,2,3,0,16,0,64,21,32,1,5,0,64,21,26,16,33,0,5,48,0,46,0,16,0,58,0,63,27,26,16,33,0,6,33,0,7,12,2,48,0,46,0,22,26,16,0,51,0,18,0,27,0,11,21,26,16,33,0,8,33,0,9,12,2,48,6,34,0,8,0,17,16,0,46,34,0,7,0,59,0,16,27,0,12,34,0,6,0,59,0,16,27,21,26,16,0,47,0,8,26,16,0,51,0,6,26,0,63,17,33,0,10,48,6,34,0,5,0,51,32,1,13,0,57,32,0,4,27,32,1,12,20,0,24,0,16,0,70,21,0,57,0,50,0,18,26,27,0,27,0,16,0,58,0,66,27,0,57,34,0,4,27,21,0,26,0,24,0,28,0,66,21,21,1,263,20,11,2,0,60,34,0,9,0,12,34,0,10,17,27,26,16,7,32,0,1,32,1,9,0,61,32,2,3,0,16,0,64,21,32,1,5,0,64,21,0,56,32,1,13,27,27,0,57,34,0,1,27,32,1,12,20,11,2,0,60,32,1,9,0,57,0,6,27,0,20,0,63,21,27,7,0,63,0,17,16,33,0,6,48,6,1,264,33,0,7,48,6,1,265,33,0,8,48,6,1,266,33,0,9,48,6,34,0,1,32,1,9,34,0,7,20,0,61,32,2,3,0,16,0,64,21,32,1,5,0,64,21,27,0,57,34,0,5,34,0,9,34,0,4,27,27,34,0,2,19,7,32,0,1,32,2,116,34,0,5,26,32,0,2,19,33,0,6,48,6,34,0,4,33,0,7,48,6,1,267,0,54,1,268,27,33,0,8,48,6,32,0,6,0,46,0,21,0,58,0,63,27,0,34,0,12,0,58,0,67,27,21,26,16,0,51,0,8,26,0,64,17,0,5,0,165,17,6,1,269,33,0,9,48,6,1,270,33,0,10,48,6,1,271,1,272,34,0,10,11,3,33,0,11,48,6,1,273,33,0,12,48,6,34,0,1,32,0,12,34,0,6,26,34,0,2,19,7,32,0,1,1,274,34,0,1,34,0,4,11,2,26,11,2,0,60,0,24,32,1,9,20,27,7,32,0,1,32,1,10,16,0,54,34,0,1,32,1,18,34,0,4,26,16,27,7,32,0,1,32,1,18,34,0,4,26,16,0,54,34,0,1,32,1,10,16,27,7,34,0,1,33,0,3,48,6,1,275,7,32,0,1,32,1,2,0,54,1,276,32,0,1,34,0,4,11,2,26,27,34,0,1,32,1,12,20,11,3,0,60,32,1,9,0,57,0,6,27,27,7,32,0,1,32,1,18,0,64,0,64,11,2,26,16,0,54,34,0,1,32,1,18,0,64,0,66,11,2,26,16,27,7,32,0,1,32,1,2,0,54,1,277,32,0,1,34,0,4,11,2,26,27,32,1,14,34,0,1,26,11,3,0,60,32,1,9,0,57,0,6,27,27,7,34,0,1,33,0,3,48,6,1,278,7,34,0,1,6,1,279,7,34,0,1,33,0,3,48,6,1,280,7,34,0,1,33,0,3,48,6,1,281,7,34,0,1,34,0,2,20,7,34,0,1,33,0,3,33,0,4,33,0,5,12,3,48,6,34,0,5,34,0,4,34,0,3,21,7,34,0,1,33,0,3,33,0,4,12,2,48,6,34,0,4,34,0,3,26,7,34,0,1,33,0,3,33,0,4,33,0,5,12,3,48,6,34,0,5,34,0,4,34,0,3,27,7,34,0,1,32,2,3,16,7,32,0,1,32,1,24,16,33,0,3,48,6,34,0,1,34,0,3,16,7,34,0,1,0,29,0,64,17,0,46,32,1,27,26,16,7,0,48,34,0,1,0,16,0,64,17,26,7,0,63,34,0,1,11,2,0,60,34,0,2,27,7,34,0,2,33,0,3,33,0,4,12,2,48,6,0,64,33,0,5,48,6,0,63,0,64,1,282,0,51,0,18,26,0,63,21,0,6,0,64,21,11,2,0,60,34,0,4,27,11,2,0,60,32,2,7,27,33,0,6,48,6,32,0,1,32,0,6,16,33,0,7,48,6,34,0,3,0,27,0,57,0,27,27,0,48,32,1,0,26,0,15,0,57,0,27,27,11,2,0,60,32,1,28,27,1,283,11,3,0,60,34,0,7,0,11,0,66,17,27,34,0,1,17,7,34,0,1,34,0,5,0,61,32,1,31,32,0,4,26,27,16,33,0,6,33,0,7,12,2,48,6,34,0,4,33,0,8,33,0,9,12,2,48,6,1,284,33,0,10,48,6,1,285,33,0,11,48,6,1,286,0,58,0,63,27,33,0,12,48,6,34,0,9,0,48,32,0,7,26,0,16,0,63,21,34,0,12,11,2,0,60,32,0,8,0,56,32,2,7,27,27,16,7,34,0,4,33,0,5,33,0,6,12,2,48,6,34,0,1,33,0,7,48,6,32,0,7,0,16,0,63,17,0,46,32,2,3,0,16,0,64,21,0,16,0,63,21,0,16,0,63,21,0,69,11,2,0,60,0,0,0,12,0,64,21,27,26,16,33,0,8,48,0,3,16,33,0,9,48,6,32,0,7,0,46,0,30,0,58,32,0,8,0,4,32,0,9,17,27,26,16,33,0,10,33,0,11,12,2,48,6,0,63,33,0,12,48,6,34,0,10,0,46,32,2,3,0,16,0,64,21,0,56,0,24,0,16,0,66,21,0,24,0,29,0,64,21,0,26,0,24,0,16,0,63,21,0,29,0,64,21,0,27,20,21,1,287,20,11,2,0,60,0,24,0,16,0,63,21,0,22,20,0,20,0,64,21,27,27,26,16,33,0,13,48,6,0,63,33,0,14,48,6,1,288,33,0,15,48,6,32,0,9,0,46,0,20,0,58,0,63,27,26,16,32,2,2,16,0,46,34,0,9,0,59,0,16,27,34,0,15,20,1,289,34,0,6,0,15,16,0,59,0,16,27,21,0,27,0,24,21,26,16,33,0,16,48,6,34,0,7,0,46,0,30,0,58,34,0,8,0,46,0,12,0,58,0,69,27,26,16,32,2,2,16,27,26,16,33,0,17,48,6,0,66,0,17,16,0,46,1,290,26,16,7,32,0,1,32,0,5,0,57,34,0,4,27,34,0,2,19,33,0,6,48,6,32,0,1,32,1,11,16,1,291,0,58,32,1,27,27,32,0,5,17,33,0,7,48,6,34,0,7,0,63,32,1,0,0,63,0,63,11,2,11,3,32,2,3,0,16,0,64,21,0,30,0,63,0,66,0,70,11,3,21,11,2,0,60,32,1,9,27,16,33,0,8,33,0,9,33,0,10,33,0,11,12,2,12,3,48,6,34,0,9,32,1,29,32,0,6,34,0,10,11,2,17,34,0,11,32,1,30,34,0,8,34,0,1,11,2,27,0,48,34,0,5,26,32,2,126,20,1,292,20,11,2,0,60,32,1,1,27,16,7,32,1,5,33,0,3,48,6,34,0,1,32,1,6,33,1,5,50,6,34,0,3,7,34,0,2,33,0,3,48,6,32,1,7,0,16,34,0,1,17,33,0,4,48,6,32,0,4,0,17,16,0,46,0,8,0,58,32,0,3,27,26,16,0,49,0,30,26,32,1,3,17,0,46,0,12,26,16,33,0,5,48,0,46,34,0,5,0,51,0,18,26,0,63,17,0,49,0,7,26,0,64,17,0,59,0,7,27,26,16,33,0,6,48,6,32,0,6,0,46,0,13,0,58,0,63,27,26,16,0,51,0,8,26,0,64,17,0,5,0,188,17,6,32,0,6,32,2,2,16,0,46,0,8,0,58,32,0,3,27,26,16,33,0,7,48,0,22,16,33,0,8,48,6,32,0,3,0,17,16,0,46,0,6,26,34,0,7,17,0,46,0,6,26,32,1,8,0,17,16,0,46,0,8,0,58,32,0,3,0,8,32,0,4,17,27,26,16,17,0,15,16,0,49,0,30,26,32,1,5,17,33,0,9,48,6,32,0,3,0,8,32,0,8,17,0,17,16,0,46,0,25,26,32,1,9,17,0,15,16,33,0,10,48,6,32,0,9,0,50,0,22,0,59,0,20,27,26,32,0,10,17,0,51,0,8,26,0,64,17,0,5,0,188,17,6,34,0,9,0,50,0,16,26,34,0,10,17,33,0,11,48,6,34,0,8,0,17,16,0,46,0,8,0,58,32,0,3,27,26,16,0,49,0,30,26,32,0,11,17,33,0,12,48,6,34,0,3,0,17,16,0,46,0,25,26,32,0,12,17,0,46,0,24,26,32,1,8,0,17,16,17,0,15,16,32,2,15,34,0,11,17,0,5,0,189,17,6,1,293,33,0,13,48,32,2,2,16,33,0,14,48,6,32,0,13,32,2,89,0,6,26,0,63,17,0,30,32,0,14,17,0,50,0,7,26,32,0,14,0,22,16,0,17,16,17,33,0,15,48,6,32,0,6,0,46,0,6,26,32,1,9,17,33,1,9,49,6,34,0,15,0,46,0,24,26,32,1,11,17,0,50,0,6,26,34,0,13,0,30,32,0,14,17,0,46,0,8,26,32,1,11,17,17,33,1,11,49,6,34,0,14,0,46,0,6,0,58,32,0,4,0,59,0,8,27,27,26,32,1,10,17,33,1,10,49,6,34,0,4,0,8,33,1,8,50,7,34,0,4,0,16,34,0,1,17,0,16,34,0,2,19,7,0,29,0,58,0,48,32,1,12,26,0,7,0,22,21,27,33,0,3,48,6,32,1,5,0,16,0,63,17,32,0,3,16,33,0,4,48,6,32,1,5,0,46,34,0,3,32,2,15,32,0,4,21,26,16,0,51,0,8,26,0,64,17,0,5,0,190,17,6,32,0,4,0,51,0,8,26,16,33,0,5,48,0,17,16,0,15,34,0,4,17,33,0,6,48,6,32,0,6,0,46,0,25,26,34,0,1,17,32,1,13,34,0,6,0,46,0,6,0,58,0,8,0,58,34,0,5,27,27,26,34,0,2,19,17,7,32,0,1,0,19,16,33,0,5,48,0,20,0,58,32,0,2,27,0,61,34,0,4,27,16,6,34,0,5,0,17,16,0,46,32,0,1,0,6,32,0,2,17,0,59,0,6,27,26,0,46,0,63,0,59,0,20,27,0,61,0,68,27,26,20,0,46,0,13,0,58,34,0,2,27,0,61,0,68,27,26,11,2,0,60,34,0,1,0,20,0,63,17,27,16,7,34,0,1,6,0,6,0,18,0,63,21,0,17,20,0,7,0,18,0,63,21,0,17,20,0,46,0,6,26,0,24,0,56,0,20,27,21,11,2,0,60,0,20,0,58,0,63,27,27,7,32,0,2,32,2,9,16,0,5,32,1,8,17,6,32,0,2,0,13,0,63,17,33,0,3,48,6,32,0,1,0,22,16,0,6,0,18,0,63,21,0,11,11,2,0,60,32,0,3,27,32,0,2,17,33,0,4,48,6,1,294,32,0,1,26,33,0,5,48,6,0,64,33,0,6,48,6,0,24,33,0,7,48,6,32,0,1,0,12,0,20,0,64,21,0,61,1,295,0,58,32,0,2,27,27,16,6,32,0,1,0,15,16,0,29,0,28,11,2,0,60,32,0,3,0,12,32,1,2,17,27,32,0,6,0,8,34,0,4,17,17,32,1,2,0,61,0,24,0,63,0,59,0,21,27,0,61,1,296,27,34,0,1,0,56,0,22,27,0,7,34,0,2,0,56,0,19,27,21,21,27,16,32,0,7,16,7,32,0,2,0,12,16,0,23,0,64,17,0,5,32,1,7,17,6,32,0,2,0,15,16,33,0,2,49,6,32,0,2,0,46,32,2,9,26,16,0,51,0,8,26,0,64,17,0,5,32,1,8,17,6,32,0,2,0,22,16,33,0,3,48,6,32,0,1,0,14,16,0,22,0,59,0,21,27,0,61,1,297,27,32,0,3,17,33,0,4,48,6,1,298,33,0,5,48,6,0,63,0,20,16,33,0,6,48,6,0,64,33,0,7,48,6,1,299,33,0,8,48,6,0,63,33,0,9,48,6,34,0,2,0,50,1,300,32,1,5,1,301,26,34,0,8,0,25,21,11,2,0,60,32,1,4,27,26,32,0,4,0,28,32,0,3,17,17,33,0,10,48,6,34,0,1,0,15,0,58,32,0,4,27,1,302,11,2,0,60,32,0,6,0,12,16,0,20,0,63,17,27,16,7,32,0,1,0,13,0,63,17,0,5,0,199,17,6,32,0,1,0,23,0,64,17,0,5,0,200,17,6,34,0,2,0,14,16,0,29,34,0,1,0,7,0,64,17,17,32,2,15,32,1,3,17,0,5,0,201,17,7,34,0,2,0,64,0,22,11,2,0,60,0,24,0,12,0,57,0,13,27,34,0,1,21,27,16,7,34,0,2,0,17,16,0,46,34,0,1,0,1,16,26,16,7,34,0,2,0,17,16,0,46,34,0,1,0,1,16,26,16,7,32,0,1,0,12,16,0,13,32,1,3,17,0,5,0,205,17,6,32,0,2,0,46,32,2,10,26,16,0,51,0,8,26,16,0,5,0,206,17,6,32,0,1,0,14,16,33,0,3,48,6,32,0,2,0,50,0,7,0,6,0,64,21,26,32,0,3,0,28,32,1,3,17,17,33,0,4,48,6,32,0,4,0,46,0,13,0,58,0,63,27,26,16,0,51,0,8,26,16,0,5,0,207,17,6,32,0,3,0,29,32,1,3,17,33,0,5,48,0,51,0,8,26,0,64,17,33,0,6,48,6,1,303,33,0,7,48,6,34,0,1,1,304,34,0,7,11,2,0,60,0,25,0,51,0,8,26,32,0,4,0,51,0,8,26,32,0,6,17,21,0,20,0,63,21,27,34,0,2,17,7,32,1,7,0,46,0,6,0,58,34,0,1,0,8,32,1,5,17,27,26,16,0,49,0,30,26,32,1,6,17,7,32,2,102,0,58,0,64,27,0,57,32,0,1,32,2,76,0,50,32,0,1,26,0,54,0,46,34,0,1,26,27,27,27,7,32,0,2,0,22,0,57,0,12,27,32,0,1,19,0,5,0,208,19,6,34,0,1,32,1,6,32,1,5,26,34,0,2,19,7,34,0,1,32,1,6,32,1,5,0,58,0,48,34,0,2,26,27,26,16,7,34,0,2,32,1,6,0,48,34,0,1,26,0,59,32,1,5,27,26,16,7,32,0,1,0,14,16,0,29,0,64,17,33,0,3,48,6,1,305,33,0,4,48,6,32,1,5,0,48,34,0,1,26,0,15,34,0,4,21,32,2,28,11,2,0,60,0,24,0,56,32,2,20,27,0,7,0,64,21,27,34,0,3,17,7,34,0,1,32,2,102,0,64,17,0,51,32,1,5,26,34,0,2,19,7,34,0,1,0,50,0,24,0,64,11,2,0,60,0,25,27,26,32,1,4,17,0,51,0,8,26,0,64,17,33,0,3,48,6,32,0,3,0,20,0,63,17,0,5,0,214,17,6,32,1,4,0,22,16,0,17,16,0,50,0,8,26,32,1,4,17,0,51,0,6,26,0,63,17,33,0,4,48,6,32,1,3,0,16,34,0,4,17,32,2,106,16,33,0,5,48,6,0,65,0,20,32,0,5,17,0,5,0,215,17,6,0,12,0,58,0,11,27,0,5,0,216,21,0,25,0,24,21,33,0,6,48,6,32,0,3,0,9,32,1,7,17,34,0,6,0,11,0,18,11,3,0,60,32,0,5,0,11,0,66,17,27,16,33,0,7,48,6,32,1,3,0,50,0,24,32,0,7,11,2,0,60,0,25,27,26,32,1,4,17,33,1,3,49,6,34,0,7,0,8,34,0,3,17,34,0,5,0,12,0,70,17,0,61,0,20,0,58,32,1,7,27,0,61,1,306,27,27,16,7,32,1,7,0,20,0,63,17,0,5,0,217,17,6,34,0,1,0,28,1,307,0,58,0,66,0,59,0,9,27,27,0,24,0,28,0,22,0,59,0,7,27,21,0,26,0,24,21,0,25,21,11,2,0,60,0,22,0,59,0,21,27,27,32,1,8,17,7,0,24,32,1,5,32,0,1,0,16,32,0,2,19,0,18,0,63,17,21,33,1,5,49,6,34,0,1,0,28,34,0,2,19,7,32,0,1,0,17,16,0,46,0,6,0,58,32,1,8,27,26,16,0,24,34,0,1,0,6,33,1,8,50,17,7,32,0,1,0,15,16,32,1,3,16,0,46,34,0,1,0,14,16,32,2,100,16,0,15,16,0,59,0,30,27,26,16,7,32,1,4,0,29,32,1,3,17,33,0,3,48,0,51,0,8,26,0,64,17,33,0,4,48,6,32,0,4,0,17,16,0,15,34,0,3,17,0,59,0,46,0,6,0,58,0,8,0,58,34,0,4,27,27,26,27,0,49,0,30,26,34,0,1,21,7,34,0,1,0,59,0,30,27,7,34,0,1,0,46,0,46,0,8,0,58,34,0,2,27,26,26,16,7,34,0,1,0,20,32,0,2,17,32,2,128,16,6,34,0,2,7,34,0,1,0,58,0,48,34,0,2,26,27,7,34,0,1,7,34,0,1,6,0,63,33,1,11,49,6,1,308,1,309,11,2,0,16,32,1,8,0,64,32,2,72,11,2,0,60,0,0,0,13,0,70,21,27,16,17,33,1,10,49,7,32,0,1,32,1,10,0,46,34,0,1,26,27,7,32,0,1,32,1,10,32,2,30,34,0,1,26,27,7,0,63,33,0,2,48,6,1,310,32,0,1,26,33,0,3,48,6,34,0,1,0,50,1,311,26,32,1,7,17,0,22,0,21,0,66,21,0,61,0,26,0,58,0,63,11,1,27,27,16,33,0,4,33,0,5,12,2,48,6,32,1,8,1,312,1,313,1,314,11,4,0,60,34,0,5,0,59,0,6,0,58,34,0,4,0,8,0,66,21,27,27,27,7,1,315,0,48,34,0,2,26,26,7,0,25,34,0,1,20,7,0,63,33,0,3,48,33,0,4,48,6,32,1,8,32,2,31,1,316,26,16,6,34,0,1,11,1,33,0,5,48,6,1,317,0,58,32,1,7,27,33,0,6,48,6,32,0,3,32,0,6,32,1,6,17,33,0,7,48,6,32,0,4,0,7,16,32,0,5,34,0,6,0,58,32,2,126,27,11,2,0,60,0,20,0,58,0,63,27,27,32,1,6,17,33,0,8,48,6,32,1,8,32,2,31,0,48,34,0,7,34,0,8,11,2,26,0,16,0,63,0,59,0,20,27,21,0,16,0,19,21,26,16,7,32,1,8,0,17,16,0,51,0,24,0,56,32,1,6,32,1,7,16,27,26,34,0,1,17,7,0,24,32,2,121,32,1,5,26,34,0,2,23,1,318,32,2,121,34,0,1,26,27,7,0,24,1,319,32,1,5,26,34,0,1,21,32,2,121,34,0,2,26,20,7,32,0,2,0,12,0,57,0,7,27,32,0,1,17,33,0,3,48,6,32,0,3,0,64,0,59,0,13,27,0,33,0,13,0,58,0,63,27,21,16,32,2,128,16,6,32,0,2,0,22,0,64,11,2,0,60,32,0,3,27,16,33,0,4,48,6,32,0,1,0,22,16,0,13,32,0,4,17,32,2,128,16,6,32,0,1,32,1,2,0,58,32,0,4,27,32,1,4,11,2,0,60,34,0,3,27,16,0,35,34,0,2,32,2,11,16,17,32,2,128,16,6,34,0,1,32,1,3,34,0,4,17,7,0,24,1,320,34,0,2,26,34,0,1,21,7,32,1,5,0,17,16,0,46,0,7,0,58,32,0,1,0,22,16,0,6,0,69,17,27,26,16,0,49,0,30,26,34,0,1,17,7,32,0,1,0,50,0,12,26,32,0,2,17,0,47,0,8,26,16,0,51,0,6,26,0,63,17,33,0,3,48,6,32,0,2,0,30,0,58,0,17,27,32,0,3,17,0,51,0,8,26,32,2,3,0,51,0,8,26,16,17,33,0,4,48,6,34,0,3,0,21,0,58,32,1,5,27,0,61,0,48,34,0,2,34,0,1,11,2,26,0,46,0,16,26,0,20,21,0,56,1,321,27,27,16,6,32,0,4,7,32,1,4,0,6,0,58,32,0,1,27,0,57,32,2,5,27,32,1,3,17,0,12,0,58,0,63,27,0,61,34,0,1,0,6,0,64,17,0,56,32,1,5,27,27,16,7,0,48,0,63,26,0,13,34,0,4,32,3,36,34,0,1,26,34,0,2,19,21,7,34,0,1,6,32,1,9,0,17,16,0,46,0,63,26,16,7,32,0,2,32,3,12,16,33,0,3,48,6,34,0,2,0,59,0,16,27,33,0,4,48,6,32,1,5,0,51,0,8,26,0,64,17,33,0,5,48,6,32,0,5,0,12,0,64,17,0,8,0,66,17,0,6,32,0,3,17,32,0,5,32,2,4,1,322,27,16,33,0,6,48,6,0,64,0,7,32,1,6,17,0,17,16,0,46,0,8,0,58,32,0,5,27,0,56,0,6,0,58,32,0,5,27,0,59,34,0,6,27,27,26,16,0,51,0,8,26,0,64,17,0,5,0,125,17,6,34,0,3,0,24,0,61,0,8,0,58,32,0,1,0,56,32,3,12,27,27,27,16,33,0,7,48,6,34,0,1,0,59,0,16,27,33,0,8,48,6,32,1,7,32,3,35,32,1,5,17,33,0,9,33,0,10,12,2,48,6,32,0,10,0,12,0,64,17,0,8,0,66,17,0,6,34,0,7,17,34,0,10,32,2,4,1,323,27,34,0,9,17,33,0,11,48,6,34,0,11,0,58,0,8,0,58,34,0,5,27,27,33,0,12,48,6,1,324,33,0,13,48,6,32,1,9,0,17,16,0,46,0,8,0,58,32,1,7,0,51,0,8,26,0,64,17,27,34,0,13,20,26,16,7,32,0,1,32,3,14,0,64,17,0,51,0,8,26,0,64,17,33,0,3,48,0,12,0,64,17,33,0,4,48,6,32,0,1,0,15,16,33,0,1,49,6,0,64,33,0,5,48,6,0,63,33,0,6,48,6,32,0,1,0,46,0,0,0,56,1,325,27,26,16,6,32,0,4,0,8,0,66,17,0,6,32,0,5,17,33,0,7,48,6,1,326,33,0,8,48,6,0,63,33,0,9,48,33,0,10,48,6,1,327,33,0,11,48,6,32,0,1,0,63,0,63,1,328,11,2,0,60,0,46,0,12,0,58,0,11,27,26,0,51,0,8,26,0,64,21,27,11,2,0,60,32,1,3,0,12,32,0,6,17,0,8,32,0,7,0,12,0,70,17,17,27,16,33,0,12,48,6,34,0,1,34,0,8,34,0,11,11,2,0,60,34,0,12,27,16,7,34,0,1,6,32,1,9,0,17,16,0,46,32,1,10,0,8,32,1,4,17,0,21,0,58,32,1,4,27,0,24,11,2,0,60,32,2,2,27,16,26,16,7,32,1,6,32,3,36,32,0,1,0,15,16,0,59,0,16,27,0,59,32,3,79,0,7,0,64,21,0,58,32,0,2,0,15,16,0,59,0,16,27,27,27,26,16,33,0,3,48,6,34,0,1,1,329,1,330,11,2,0,60,0,15,0,56,0,22,27,0,20,0,71,21,0,57,0,8,27,27,34,0,2,17,7,34,0,2,0,46,0,14,26,16,32,3,81,16,0,49,0,15,26,11,0,17,7,0,63,0,20,16,33,0,3,48,6,34,0,1,0,50,1,331,26,34,0,2,19,6,32,0,3,7,34,0,1,33,2,4,49,0,49,0,16,26,32,2,6,17,32,3,13,16,33,2,5,49,6,0,69,33,2,3,49,7,34,0,1,33,0,3,33,0,4,33,0,5,33,0,6,12,4,48,6,34,0,5,32,3,7,0,7,0,64,21,0,61,0,20,27,16,32,0,3,0,22,16,0,20,0,63,17,0,61,0,46,32,2,9,0,7,0,64,21,0,61,1,332,27,26,27,16,7,32,1,3,32,1,4,34,0,1,32,1,6,11,4,7,32,2,7,32,1,8,32,1,9,34,0,1,32,1,7,0,20,0,64,17,0,18,32,1,11,17,32,1,12,11,2,11,4,26,7,32,0,1,32,3,7,16,0,18,33,1,3,50,6,34,0,1,7,32,0,2,0,16,0,70,17,0,16,0,64,17,0,18,33,1,4,50,6,34,0,2,0,16,0,66,17,32,1,5,16,7,0,64,33,1,4,49,6,34,0,1,7,32,2,7,32,1,3,32,1,4,34,0,1,32,1,6,11,4,26,7,32,2,7,34,0,1,26,7,32,0,1,11,1,0,26,33,1,6,50,6,34,0,1,7,34,0,1,33,0,2,48,6,1,333,7,0,24,0,25,11,2,0,60,0,20,27,33,0,6,48,6,0,0,0,13,0,70,21,0,61,1,334,27,33,0,5,51,6,32,0,1,32,3,116,34,0,5,26,0,50,0,7,0,59,32,0,6,27,34,0,6,0,7,0,25,21,11,2,0,60,0,24,0,13,0,63,21,27,26,32,1,8,0,63,26,0,61,0,16,0,58,0,66,27,27,0,12,20,0,57,0,27,27,21,32,0,2,19,33,0,7,48,6,32,1,6,0,51,0,6,26,16,0,20,0,63,17,33,0,8,48,6,32,3,103,1,335,11,2,0,60,32,1,8,0,63,26,27,33,0,9,48,6,34,0,1,32,0,9,32,0,7,0,16,0,58,0,22,0,49,0,7,26,0,64,21,27,16,17,32,3,77,34,0,4,26,34,0,2,34,0,9,34,0,7,0,16,0,63,17,19,19,32,3,87,32,2,12,0,56,1,336,27,11,2,0,60,34,0,8,27,16,7,34,0,1,0,58,0,48,34,0,2,26,27,7,34,0,1,7,32,2,15,0,46,34,0,1,26,26,7,32,2,15,32,3,30,34,0,1,26,26,7,34,0,1,32,1,9,34,0,4,32,1,8,34,0,2,19,26,16,7,34,0,2,32,1,9,0,48,34,0,1,26,0,59,34,0,4,27,26,16,7,32,0,1,0,46,0,21,0,58,0,63,27,26,16,0,51,0,6,0,58,0,8,0,58,0,66,27,27,26,16,33,0,2,48,6,32,1,7,32,0,2,0,20,0,63,17,0,61,1,337,34,0,1,26,27,16,7,34,0,4,34,0,1,34,0,2,19,7,32,2,2,32,1,3,34,0,1,26,11,2,0,60,0,24,0,56,32,3,7,27,27,7,34,0,4,34,0,1,16,7,34,0,4,34,0,1,16,7,32,2,15,32,1,3,34,0,1,26,26,7,0,69,32,2,16,34,0,1,27,7,0,63,0,48,32,1,3,34,0,1,26,26,16,32,2,10,16,7,0,63,0,48,34,0,2,32,1,3,34,0,1,27,26,16,32,2,10,16,7,34,0,1,0,15,16,33,0,3,48,0,22,16,0,6,0,69,17,0,6,33,1,5,50,6,34,0,3,0,46,32,1,6,26,16,7,1,338,33,0,3,48,6,0,27,32,0,3,1,339,11,2,0,60,0,24,0,56,0,51,32,2,28,26,27,27,11,2,0,60,0,24,0,16,0,63,21,32,3,7,20,27,33,0,4,48,6,34,0,2,34,0,1,11,2,32,0,4,0,63,17,33,0,5,48,6,32,1,5,0,17,16,0,46,1,340,26,16,33,0,6,48,6,34,0,6,0,46,0,16,0,58,0,64,27,26,0,27,0,46,0,16,0,58,0,63,27,26,21,0,48,32,2,0,26,11,2,0,60,34,0,3,0,12,32,0,5,17,27,16,7,32,0,1,32,3,11,16,33,0,1,49,6,32,0,1,0,14,16,33,0,3,48,6,34,0,1,0,15,16,33,0,4,48,0,22,16,33,0,5,48,6,32,1,6,0,46,0,21,0,58,0,77,27,26,16,0,51,0,33,26,0,64,17,0,5,0,183,17,6,32,1,6,0,3,32,0,5,17,33,0,6,48,6,32,1,6,0,4,32,0,6,17,0,49,0,30,26,33,1,7,50,6,0,63,33,0,7,48,6,0,48,32,1,7,26,0,16,1,341,21,33,0,8,48,6,32,3,79,0,5,0,184,21,33,0,9,48,6,34,0,6,0,50,34,0,4,0,59,0,16,27,32,0,8,0,24,1,342,34,0,8,21,11,3,0,60,0,11,0,58,0,66,27,27,26,34,0,5,0,17,16,17,0,15,34,0,3,17,7,32,0,1,0,50,0,25,0,12,32,0,1,34,0,5,16,21,0,61,34,0,4,27,26,34,0,1,0,22,16,0,17,16,17,7,34,0,1,0,24,0,53,0,15,0,56,0,48,32,1,8,26,0,16,32,0,2,21,32,1,11,34,0,0,0,58,32,0,2,0,6,0,64,17,27,27,27,0,15,0,14,21,32,1,10,11,2,0,60,32,1,8,0,22,16,0,23,34,0,2,17,27,27,16,7,0,64,33,1,12,49,6,32,2,7,34,0,1,26,7,32,1,13,0,30,0,58,32,0,1,0,17,16,0,46,0,6,0,58,32,1,14,27,26,16,27,0,57,32,2,29,0,58,0,64,0,59,0,27,27,27,27,32,1,11,17,0,24,34,0,1,0,6,33,1,14,50,17,7,34,0,1,32,2,1,0,7,0,64,21,0,61,32,1,12,32,2,30,11,0,34,0,2,11,2,27,27,16,7,32,1,17,0,16,32,0,1,17,0,26,32,1,16,0,46,0,16,0,58,34,0,1,27,26,16,17,7,34,0,1,34,0,2,16,7,32,1,6,34,0,1,16,7,0,69,33,0,0,48,6,32,1,6,0,46,0,64,1,343,11,2,0,60,0,24,27,26,16,7,34,0,1,0,17,16,0,46,0,48,34,0,4,0,1,16,26,26,16,7,32,0,1,32,3,14,0,64,17,33,0,3,48,0,51,0,8,26,33,1,6,50,6,0,15,0,58,34,0,3,0,26,34,0,2,0,19,16,32,2,2,0,7,0,64,17,0,61,0,24,0,7,34,0,1,0,22,16,21,0,18,0,63,21,27,16,11,1,17,27,33,1,7,49,7,32,1,6,0,8,34,0,2,19,32,1,5,16,0,49,0,26,26,0,26,11,2,0,60,32,1,3,27,34,0,1,17,7,32,0,1,0,26,34,0,1,0,22,16,0,7,34,0,2,19,0,17,0,56,0,46,0,64,26,27,16,17,7,34,0,1,0,46,0,6,26,34,0,2,0,46,34,0,4,0,59,0,8,27,26,18,19,7,32,0,1,0,64,0,59,0,12,27,0,7,0,64,21,0,61,32,1,5,32,0,2,26,0,58,0,17,27,27,32,1,7,17,32,1,5,34,0,2,0,8,32,1,7,17,26,33,1,6,50,6,0,64,33,1,7,49,6,34,0,1,0,22,16,7,32,0,2,0,8,33,1,7,50,6,34,0,2,7,34,0,1,6,0,64,33,1,9,49,7,32,1,4,0,29,32,1,3,17,33,0,3,48,0,26,33,1,10,50,6,34,0,3,0,51,0,8,26,32,1,7,17,0,12,0,58,0,64,27,0,7,0,64,21,0,61,1,344,27,16,6,32,0,1,0,15,16,0,59,0,16,27,33,0,4,48,6,32,1,9,0,24,0,61,1,345,27,34,0,1,17,6,32,1,6,0,15,32,1,10,17,0,46,32,0,4,26,16,7,0,64,0,7,32,2,3,17,1,346,16,0,49,0,30,26,32,1,3,17,0,26,32,1,6,11,1,17,0,47,0,8,26,16,32,3,64,16,33,0,3,48,6,34,0,2,0,24,0,50,1,347,26,34,0,3,21,0,51,0,46,0,6,26,26,20,0,57,0,46,0,6,26,27,32,1,4,17,32,1,5,0,22,16,0,20,0,63,17,0,61,0,49,0,17,0,15,32,1,5,21,0,59,0,46,0,6,26,27,26,27,32,1,6,17,0,49,0,30,26,34,0,1,0,15,16,17,7,32,1,5,0,26,34,0,2,19,0,26,32,1,4,17,0,49,0,15,26,11,0,17,7,32,0,2,0,22,16,0,20,0,63,17,0,5,0,210,17,6,32,0,2,0,22,16,0,17,16,0,50,0,20,0,58,0,63,27,0,59,0,8,27,26,34,0,2,17,7,32,2,7,0,7,34,0,1,17,0,17,16,0,46,32,2,6,0,1,16,26,16,0,26,33,2,6,50,6,32,2,7,7,34,0,1,0,22,0,59,0,21,27,0,61,0,49,0,26,26,0,59,34,0,0,27,27,34,0,2,19,7,34,0,2,6,34,0,1,7,34,0,2,0,53,34,0,1,27,7,34,0,1,32,2,11,16,6,0,63,33,1,3,49,6,32,2,14,32,2,7,0,50,0,6,26,34,0,4,17,26,33,1,2,49,7,0,35,0,20,32,0,1,0,18,0,63,17,21,0,63,11,2,0,16,34,0,1,0,13,0,63,17,0,8,34,0,2,19,17,7,0,63,32,1,3,16,6,34,0,1,32,2,12,32,1,2,32,2,9,34,0,2,19,26,16,7,0,63,32,1,3,16,6,34,0,2,32,2,12,0,48,34,0,1,26,0,59,32,1,2,27,26,16,7,0,63,32,1,3,16,6,34,0,1,32,2,13,32,1,2,26,34,0,2,19,7,0,25,34,0,1,34,0,4,21,7,32,0,1,32,3,9,16,0,5,0,229,17,6,32,0,1,0,11,33,1,4,50,6,34,0,1,0,18,33,1,3,50,7,34,0,1,0,17,16,0,26,32,1,5,17,0,47,34,0,2,26,16,7,34,0,1,34,0,5,16,34,0,4,34,0,2,19,7,34,0,1,32,3,136,16,7,34,0,1,32,3,136,16,7,34,0,1,0,51,32,2,3,26,16,33,0,3,33,0,4,12,2,48,6,34,0,3,33,2,4,49,6,34,0,4,0,8,33,1,4,50,7,32,1,4,0,57,34,0,1,27,7,32,1,8,0,59,34,0,1,0,58,32,1,4,27,27,7,34,0,1,0,59,32,1,12,27,33,0,3,48,6,0,64,0,59,0,21,27,0,61,1,348,27,33,0,4,48,6,0,69,32,0,4,0,64,0,6,32,2,6,17,17,0,6,0,64,17,7,32,0,1,0,13,0,64,17,0,8,33,1,5,50,6,34,0,1,0,6,33,1,6,50,7,32,1,7,32,1,3,32,3,4,1,349,34,0,1,26,27,16,33,0,3,48,6,0,24,32,2,3,11,2,0,60,0,13,0,58,32,2,3,27,27,33,0,4,48,6,0,63,0,12,32,2,3,17,0,6,32,2,3,17,0,2,0,66,17,0,18,16,33,0,5,48,0,17,16,0,46,0,24,0,6,0,64,21,0,7,34,0,5,21,0,10,0,66,21,26,16,0,51,1,350,26,32,2,3,0,17,16,17,7,34,0,1,0,46,32,1,10,0,59,0,7,27,0,7,0,58,32,1,9,27,11,2,0,16,32,3,2,17,26,16,0,4,0,58,0,3,27,16,7,32,2,3,0,8,0,66,17,0,13,32,0,1,0,51,0,11,26,16,33,1,10,49,0,7,34,0,1,0,51,0,18,26,16,33,1,9,49,17,17,7,34,0,1,6,32,2,4,32,2,9,11,2,0,46,0,17,0,46,0,8,0,58,32,2,6,27,26,20,26,16,33,0,3,33,0,4,12,2,48,6,34,0,4,0,46,1,351,26,16,7,32,0,2,0,42,16,32,4,64,16,33,0,3,48,6,34,0,1,0,41,34,0,2,0,30,32,0,3,17,17,0,15,16,0,46,0,64,0,59,0,7,27,0,18,0,63,21,26,16,0,49,0,30,26,34,0,3,17,33,0,4,48,6,0,7,0,58,0,64,27,0,8,0,58,32,2,4,0,59,0,7,27,27,0,7,0,25,21,11,2,0,16,32,3,2,17,33,0,5,48,6,32,2,9,0,17,16,0,50,0,8,0,58,32,2,6,27,0,57,32,1,3,27,34,0,5,0,25,21,26,34,0,4,17,7,34,0,2,0,46,0,6,26,34,0,1,0,20,16,0,46,0,8,26,32,1,3,17,17,33,1,3,49,7,32,3,7,32,1,3,32,1,4,34,0,1,32,1,6,11,4,26,7,34,0,1,6,32,2,6,0,16,32,1,2,17,0,24,0,64,0,6,33,1,2,50,17,7,32,2,8,0,63,26,0,61,1,352,27,0,57,34,0,1,27,7,34,0,1,33,0,3,33,0,4,33,0,5,33,0,6,12,4,48,6,34,0,5,32,4,103,34,0,2,19,0,46,1,353,26,16,7,32,4,87,0,66,0,64,11,2,11,2,34,0,1,16,7,34,0,1,6,32,2,11,0,16,0,64,0,7,32,1,2,17,17,33,0,5,48,6,34,0,5,32,2,12,34,0,4,0,46,0,64,0,59,0,6,27,26,16,26,26,7,34,0,0,0,63,11,2,7,34,0,2,33,0,3,48,6,34,0,1,0,46,0,15,26,16,33,0,4,48,0,16,0,63,17,0,22,16,33,0,5,48,6,0,69,33,0,6,48,6,1,354,0,59,32,1,4,27,33,0,7,48,6,1,355,7,34,0,1,32,1,5,16,33,0,3,33,0,4,12,2,48,6,34,0,3,33,1,5,49,6,34,0,4,7,0,64,0,7,34,0,1,0,6,33,1,7,50,17,7,0,64,0,7,32,0,1,17,0,17,16,0,46,0,48,32,2,7,26,0,16,0,6,0,58,34,0,1,0,7,32,1,7,17,27,21,32,1,9,32,0,2,21,26,16,6,34,0,2,7,32,2,12,0,16,34,0,1,0,6,33,1,0,50,17,7,32,0,1,0,17,16,32,2,5,34,0,1,26,33,2,6,50,7,0,48,34,0,2,0,1,16,26,32,1,4,11,2,0,60,0,13,0,58,0,63,27,27,33,1,4,49,7,32,0,1,0,17,16,0,46,0,7,0,58,34,0,1,27,26,16,7,34,0,1,0,17,16,0,46,0,8,0,58,34,0,2,27,26,16,7,0,66,0,9,32,0,2,19,0,11,16,33,0,3,48,0,6,32,0,1,17,33,0,4,48,32,1,3,16,33,0,5,48,6,34,0,1,34,0,4,11,2,0,16,32,0,5,17,32,1,4,32,0,3,0,8,0,66,17,0,7,34,0,2,19,0,8,34,0,5,17,0,6,34,0,3,17,17,7,34,0,4,0,59,0,16,27,0,57,34,0,1,27,7,34,0,2,33,0,3,48,0,7,16,33,0,4,48,6,0,63,33,0,5,48,33,0,6,48,33,0,7,48,6,0,70,33,0,8,48,6,32,0,1,32,2,4,0,7,0,64,17,0,61,0,46,0,8,0,58,32,2,3,27,26,27,16,0,59,0,16,27,0,57,32,1,3,27,33,0,9,48,6,32,0,9,0,7,0,64,21,0,63,0,64,0,66,11,4,33,0,10,48,6,0,6,1,356,11,2,0,16,32,0,3,0,13,0,71,17,17,33,0,11,48,6,1,357,33,0,12,48,6,1,358,1,359,34,0,12,11,3,0,60,1,360,27,33,0,13,48,6,32,0,1,0,46,34,0,1,0,59,1,361,27,26,16,7,32,1,3,0,46,34,0,1,0,59,32,2,3,27,26,16,32,4,3,16,7,32,4,7,34,0,1,26,7,32,4,7,32,1,3,32,1,4,34,0,1,32,1,6,11,4,26,7,32,1,4,0,46,0,16,0,58,34,0,1,27,26,16,7,0,64,0,6,33,1,6,50,6,32,1,6,32,1,7,0,58,0,48,34,0,0,26,27,0,48,32,1,3,26,11,2,0,60,0,13,0,58,32,1,5,27,27,16,33,0,3,48,6,0,63,34,0,3,16,7,32,0,1,32,1,8,0,7,0,64,17,0,61,32,1,9,0,61,1,362,27,27,0,64,0,7,34,0,1,17,17,7,34,0,2,0,6,32,1,3,17,33,1,4,49,6,34,0,1,0,6,32,1,3,17,33,1,7,49,32,2,4,16,33,1,6,49,0,6,32,1,3,17,32,2,4,16,33,1,5,49,6,32,1,7,0,13,32,4,3,17,33,1,8,49,6,32,1,6,32,1,11,16,6,32,1,7,32,1,13,32,1,4,17,7,32,0,2,0,6,0,64,17,33,1,4,49,0,12,32,1,6,17,0,8,0,66,17,0,6,33,1,8,50,6,34,0,2,7,32,0,1,0,6,0,64,17,33,1,7,49,0,12,32,1,5,17,0,6,33,1,8,50,6,34,0,1,7,34,0,1,32,1,10,0,60,32,1,8,27,34,0,2,19,7,34,0,1,0,16,32,1,7,32,1,13,32,1,4,17,17,7,0,66,33,2,8,49,6,32,2,4,33,2,7,49,6,34,0,1,33,2,4,49,7, // 727
};
static const u32 iarrs_lens[] = {0,1,1,1,1,1,1,1,1,1,1,1,1,1,1,1,1,1,1,1,1,1,1,1,1,1,1,1,1,1,1,1,1,1,1,1,1,1,1,1,1,1,1,1,1,1,1,1,1,1,1,1,1,1,1,1,1,1,1,1,1,1,1,1,1,1,1,1,1,1,1,1,1,1,1,1,1,1,1,1,1,1,1,1,1,1,1,1,1,1,1,1,1,1,1,1,2,2,2,2,2,2,2,2,2,2,2,2,2,2,2,2,2,2,2,2,2,2,2,2,2,2,2,2,2,2,2,2,2,2,2,2,2,2,2,2,2,2,2,2,2,2,2,2,2,2,2,2,2,2,2,2,2,2,2,2,2,2,2,2,2,2,2,2,2,2,2,2,2,2,2,2,2,2,2,2,2,2,2,2,2,2,2,2,2,2,2,2,2,2,2,2,2,2,2,2,2,2,2,2,2,2,2,2,2,2,2,2,2,2,2,2,2,2,2,2,2,2,2,2,2,2,2,2,2,2,2,2,2,2,2,2,2,2,2,2,2,2,2,2,2,2,2,2,2,2,2,2,2,2,2,2,2,2,2,2,2,2,2,2,2,2,2,2,2,2,2,2,2,2,2,2,2,2,2,2,2,2,2,2,2,2,2,2,2,2,2,2,2,2,2,2,2,2,2,2,2,2,2,2,2,2,2,2,2,2,2,2,2,2,2,2,2,2,2,2,2,2,2,2,2,2,2,2,2,2,2,2,2,2,2,2,2,2,2,2,2,2,2,2,2,2,2,2,2,2,2,2,2,2,2,2,2,2,2,2,2,2,2,2,2,2,2,2,2,2,2,2,2,2,2,2,2,2,2,2,2,2,2,2,2,2,2,2,2,2,2,2,2,2,2,2,2,2,2,2,2,2,2,2,2,2,2,2,2,2,2,2,2,2,2,2,2,2,2,2,2,2,2,2,2,2,2,2,2,2,2,2,2,2,2,2,2,2,2,2,2,2,2,2,2,2,2,2,2,2,2,2,2,2,2,2,2,2,2,2,2,2,2,3,3,3,3,3,3,3,3,3,3,3,3,3,3,3,3,3,3,3,3,3,3,3,3,3,3,3,3,3,3,3,3,3,3,3,3,3,3,3,3,3,3,3,3,3,3,3,3,3,3,3,3,3,3,3,3,3,3,3,3,3,3,3,3,3,3,3,3,3,3,3,3,3,3,3,3,3,3,3,3,3,3,3,3,3,3,3,3,3,3,3,3,3,3,3,3,3,3,3,3,3,3,3,3,3,3,3,3,3,3,3,3,3,3,3,3,3,3,3,3,3,3,3,3,3,3,3,3,3,3,3,3,3,3,3,3,3,3,3,3,3,3,3,3,3,3,3,3,3,3,3,3,3,3,3,3,3,3,3,3,3,3,3,3,3,3,3,3,3,3,3,3,3,3,3,3,3,3,3,3,3,3,3,3,3,3,3,3,3,3,3,3,3,3,3,3,3,3,3,3,3,3,3,3,3,3,3,3,3,3,3,3,3,3,3,3,3,3,3,3,3,3,3,3,3,3,3,3,3,3,3,3,3,3,3,3,3,3,3,3,3,3,3,3,3,3,3,3,3,3,3,3,3,3,3,3,3,3,3,3,3,3,3,3,3,3,3,3,23227};
init_intarrs(iarrs, iarrs_data, iarrs_lens, 728);
B iarrs0 = iarrs[0];
incByG(iarrs[0], 94);

B a0; B* a0p = m_lvBn(&a0, 237);
assume_separate_storage(a0p, iarrs);
a0p[0] = incG(provide[0]);
a0p[1] = incG(provide[1]);
a0p[2] = incG(provide[2]);
a0p[3] = incG(provide[3]);
a0p[4] = incG(provide[4]);
a0p[5] = incG(provide[5]);
a0p[6] = incG(provide[6]);
a0p[7] = incG(provide[7]);
a0p[8] = incG(provide[8]);
a0p[9] = incG(provide[9]);
a0p[10] = incG(provide[10]);
a0p[11] = incG(runtime_0[0]);
a0p[12] = incG(provide[12]);
a0p[13] = incG(provide[13]);
a0p[14] = incG(provide[14]);
a0p[15] = incG(provide[15]);
a0p[16] = incG(provide[16]);
a0p[17] = incG(provide[17]);
a0p[18] = incG(runtime_0[1]);
a0p[19] = incG(runtime_0[2]);
a0p[20] = incG(runtime_0[3]);
a0p[21] = incG(runtime_0[4]);
a0p[22] = incG(runtime_0[5]);
a0p[23] = incG(runtime_0[6]);
a0p[24] = incG(runtime_0[7]);
a0p[25] = incG(runtime_0[8]);
a0p[26] = incG(runtime_0[9]);
a0p[27] = incG(runtime_0[10]);
a0p[28] = incG(runtime_0[11]);
a0p[29] = incG(runtime_0[12]);
a0p[30] = incG(runtime_0[13]);
a0p[31] = incG(provide[23]);
a0p[32] = incG(provide[24]);
a0p[33] = incG(provide[25]);
a0p[34] = incG(provide[26]);
a0p[35] = incG(provide[27]);
a0p[36] = incG(provide[28]);
a0p[37] = incG(provide[29]);
a0p[38] = incG(provide[30]);
a0p[39] = incG(provide[31]);
a0p[40] = incG(provide[32]);
a0p[41] = incG(provide[33]);
a0p[42] = incG(provide[34]);
a0p[43] = incG(provide[35]);
a0p[44] = incG(provide[36]);
a0p[45] = incG(provide[37]);
a0p[46] = incG(provide[18]);
a0p[47] = incG(provide[19]);
a0p[48] = incG(runtime_0[14]);
a0p[49] = incG(runtime_0[15]);
a0p[50] = incG(runtime_0[16]);
a0p[51] = incG(runtime_0[17]);
a0p[52] = incG(provide[38]);
a0p[53] = incG(provide[20]);
a0p[54] = incG(provide[21]);
a0p[55] = incG(provide[22]);
a0p[56] = incG(runtime_0[18]);
a0p[57] = incG(runtime_0[19]);
a0p[58] = incG(runtime_0[20]);
a0p[59] = incG(runtime_0[21]);
a0p[60] = incG(runtime_0[22]);
a0p[61] = incG(runtime_0[23]);
a0p[62] = incG(provide[39]);
a0p[63] = m_f64(0);
a0p[64] = m_f64(1);
a0p[65] = m_f64(4);
a0p[66] = m_f64(2);
a0p[67] = m_f64(1.0/0.0);
a0p[68] = m_f64(-1.0/0.0);
a0p[69] = m_f64(-1);
a0p[70] = m_f64(3);
a0p[71] = m_f64(8);
a0p[72] = m_f64(5);
a0p[73] = m_c32(U'');
a0p[74] = m_c32(U'');
a0p[75] = m_c32(U'');
a0p[76] = m_c32(U'');
a0p[77] = m_c32(U'\0');
a0p[78] = m_c32(U'+');
a0p[79] = m_c32(U'-');
a0p[80] = m_c32(U'');
a0p[81] = m_c32(U'');
a0p[82] = m_c32(U'');
a0p[83] = m_c32(U'');
a0p[84] = m_c32(U'');
a0p[85] = m_c32(U'');
a0p[86] = m_c32(U'');
a0p[87] = m_c32(U'');
a0p[88] = m_c32(U'');
a0p[89] = m_c32(U'=');
a0p[90] = m_c32(U'>');
a0p[91] = m_c32(U'');
a0p[92] = m_c32(U'');
a0p[93] = m_c32(U'');
a0p[94] = m_c32(U'<');
a0p[95] = m_c32(U'');
a0p[96] = m_c32(U'');
a0p[97] = m_c32(U'');
a0p[98] = m_c32(U'');
a0p[99] = m_c32(U'');
a0p[100] = m_c32(U'');
a0p[101] = m_c32(U'');
a0p[102] = m_c32(U'');
a0p[103] = m_c32(U'');
a0p[104] = m_c32(U'/');
a0p[105] = m_c32(U'');
a0p[106] = m_c32(U'');
a0p[107] = m_c32(U'');
a0p[108] = m_c32(U'');
a0p[109] = m_c32(U'`');
a0p[110] = m_c32(U'');
a0p[111] = m_c32(U'');
a0p[112] = m_c32(U'');
a0p[113] = m_c32(U'');
a0p[114] = m_c32(U'');
a0p[115] = m_c32(U'');
a0p[116] = m_c32(U'');
a0p[117] = m_c32vec(U"+-|<>=/!`%",65);
a0p[118] = m_c32vec(U": Identity not found",21);
a0p[119] = m_c32vec(U":  must be a list",19);
a0p[120] = m_c8vec("Mapping: Equal-rank argument shapes don\'t agree",47);
a0p[121] = m_c8vec("Mapping: Argument shape prefixes don\'t agree",44);
a0p[122] = m_c32vec(U":  must have rank at least 1",31);
a0p[123] = m_c32vec(U" or : Rank of  must be at least 1",36);
a0p[124] = m_c32vec(U" or : Rank of  must be at least cell rank of ",49);
a0p[125] = m_c32vec(U" or :  must be sorted",24);
a0p[126] = m_c32vec(U"p or p: p must have rank at least 1",39);
a0p[127] = m_c32vec(U"pn or np: Rank of n must be at least cell rank of p",53);
a0p[128] = m_c32vec(U" or :  must have rank at least 1",37);
a0p[129] = m_c32vec(U": Rank of  cannot exceed rank of ",38);
a0p[130] = m_c32vec(U"/:  must have rank 1",22);
a0p[131] = m_c32vec(U"/:  must consist of natural numbers",37);
a0p[132] = m_c32vec(U":  must have rank at most 1",31);
a0p[133] = m_c32vec(U": Length of  must not exceed rank of ",42);
a0p[134] = m_c32vec(U":  must consist of valid axis indices",41);
a0p[135] = m_c32vec(U": Skipped result axis",24);
a0p[136] = m_c32vec(U":  must have rank at least 1",31);
a0p[137] = m_c32vec(U":  must have rank at least 1",31);
a0p[138] = m_c32vec(U": Indices in  must consist of integers",42);
a0p[139] = m_c32vec(U": Index out of range",23);
a0p[140] = m_c32vec(U": Indices in  must be integers",34);
a0p[141] = m_c32vec(U": Indices out of range",25);
a0p[142] = m_c32vec(U":  must be a list when  is a number",40);
a0p[143] = m_c32vec(U": Indices in compound  must be lists",40);
a0p[144] = m_c32vec(U": Index length in  must match rank of ",43);
a0p[145] = m_c32vec(U"",1);
a0p[146] = m_c32vec(U": ",3);
a0p[147] = m_c32vec(U" must have rank at least 1 for simple ",40);
a0p[148] = m_c32vec(U"Compound  must have rank at most 1",35);
a0p[149] = m_c32vec(U"Length of compound  must be at most rank of ",46);
a0p[150] = m_c32vec(U" must be an array of numbers or list of such arrays",52);
a0p[151] = m_c32vec(U":  must have rank at least 1",31);
a0p[152] = m_c32vec(U":  cannot have length 0",26);
a0p[153] = m_c32vec(U"",1);
a0p[154] = m_c32vec(U":  can\'t be empty",20);
a0p[155] = m_c32vec(U":  must have rank at least 1",31);
a0p[156] = m_c32vec(U":  must consist of integers",31);
a0p[157] = m_c32vec(U":  too large",16);
a0p[158] = m_c32vec(U"",1);
a0p[159] = m_c32vec(U"/:  must consist of natural numbers",38);
a0p[160] = m_c32vec(U"/: Lengths of components of  must match ",44);
a0p[161] = m_c32vec(U"/: Components of  must have rank 0 or 1",42);
a0p[162] = m_c8vec("/",1);
a0p[163] = m_c32vec(U"=",4);
a0p[164] = m_c32vec(U":  must have an element with rank at least =",48);
a0p[165] = m_c32vec(U"Under : depths must be less than 0, or ",41);
a0p[166] = m_c32vec(U"",9);
a0p[167] = m_c32vec(U"",2);
a0p[168] = m_c32vec(U"=",3);
a0p[169] = m_c8vec("<",1);
a0p[170] = m_c32vec(U"",1);
a0p[171] = m_c32vec(U"",1);
a0p[172] = m_c32vec(U"/",4);
a0p[173] = m_c32vec(U"",1);
a0p[174] = m_c32vec(U"",4);
a0p[175] = m_c32vec(U"",2);
a0p[176] = m_c32vec(U"",1);
a0p[177] = m_c8vec(">",1);
a0p[178] = m_c32vec(U"",1);
a0p[179] = m_c32vec(U"",2);
a0p[180] = m_c32vec(U"",1);
a0p[181] = m_c32vec(U"",1);
a0p[182] = m_c32vec(U"",1);
a0p[183] = m_c8vec("Cannot modify fill with Structural Under",40);
a0p[184] = m_c32vec(U": Incompatible result elements in structural Under",51);
a0p[185] = m_c32vec(U">: Elements of  must have matching shapes",43);
a0p[186] = m_c32vec(U": Rank of  and  must differ by at most 1",45);
a0p[187] = m_c32vec(U": Cell shapes of  and  must match",38);
a0p[188] = m_c32vec(U": Incompatible element ranks",30);
a0p[189] = m_c32vec(U":  element shapes must be compatible",39);
a0p[190] = m_c32vec(U":  element trailing shapes must match",40);
a0p[191] = m_c32vec(U": empty  fill rank must be at least argument rank",52);
a0p[192] = m_c32vec(U":  must be an array",22);
a0p[193] = m_c32vec(U"",1);
a0p[194] = m_c32vec(U"",1);
a0p[195] = m_c32vec(U":  must ",10);
a0p[196] = m_c8vec("have rank at most 1",19);
a0p[197] = m_c8vec("consist of integers",19);
a0p[198] = m_c32vec(U" or :  must have rank at least 1",35);
a0p[199] = m_c32vec(U" or :  must not have higher rank than ",42);
a0p[200] = m_c32vec(U" or : Rank of  must be at least rank of  minus 1",52);
a0p[201] = m_c32vec(U" or :  must share \'s major cell shape",41);
a0p[202] = m_c32vec(U":  must consist of natural numbers",37);
a0p[203] = m_c32vec(U":  must be a number or list",30);
a0p[204] = m_c32vec(U":  must have rank at most 1",31);
a0p[205] = m_c32vec(U": Length of  must be at most rank of ",42);
a0p[206] = m_c32vec(U":  must consist of natural numbers",38);
a0p[207] = m_c32vec(U": Window length  must be at most axis length plus one",57);
a0p[208] = m_c32vec(U": Argument lengths don\'t agree",31);
a0p[209] = m_c32vec(U":  must have rank at least 1",30);
a0p[210] = m_c32vec(U": Identity does not exist",26);
a0p[211] = m_c32vec(U"",4);
a0p[212] = m_c32vec(U":  must have rank at most 1",31);
a0p[213] = m_c32vec(U":  must consist of natural numbers",38);
a0p[214] = m_c32vec(U": Can\'t compute axis length when rest of shape is empty",58);
a0p[215] = m_c32vec(U":  must consist of natural numbers or    ",49);
a0p[216] = m_c32vec(U": Shape must be exact when reshaping with ",46);
a0p[217] = m_c32vec(U": Can\'t produce non-empty array from empty ",47);
a0p[218] = m_c32vec(U": Grouping argument must consist of integers",45);
a0p[219] = m_c32vec(U": Grouping argument values cannot be less than 1",50);
a0p[220] = m_c32vec(U":  must be a list",20);
a0p[221] = m_c32vec(U": Rank of simple  must be at most rank of ",47);
a0p[222] = m_c32vec(U": Lengths of  must equal to , or one more only in a rank-1 component",73);
a0p[223] = m_c32vec(U": Compound  must be a list",30);
a0p[224] = m_c32vec(U": Total rank of  must be at most rank of ",46);
a0p[225] = m_c32vec(U":  must be an array",23);
a0p[226] = m_c32vec(U" or :  result must have rank at most 1",41);
a0p[227] = m_c32vec(U" or :  result must have 1 to 3 elements",42);
a0p[228] = m_c32vec(U" or :  result must consist of integers",41);
a0p[229] = m_c32vec(U":  must consist of integers",31);
a0p[230] = m_c32vec(U": Rank of  must be at least 1",31);
a0p[231] = m_c32vec(U": Rank of  must be at least cell rank of ",44);
a0p[232] = m_c8vec("Can\'t invert blocks (add an undo header?)",41);
a0p[233] = m_c8vec("Cannot invert modifier",22);
a0p[234] = m_c32vec(U": Inverse failed",17);
a0p[235] = m_c32vec(U": Inverse does not exist",25);
a0p[236] = m_c32vec(U": Inverse not found",20);

B a1; B* a1p = m_lvBn(&a1, 363);
assume_separate_storage(a1p, iarrs);
a1p[0] = iarrs[459];
a1p[1] = iarrs[460];
a1p[2] = iarrs[461];
a1p[3] = iarrs[462];
a1p[4] = iarrs[463];
a1p[5] = iarrs[464];
a1p[6] = iarrs[465];
a1p[7] = iarrs[466];
a1p[8] = iarrs[467];
a1p[9] = iarrs[468];
a1p[10] = iarrs[469];
a1p[11] = iarrs[470];
a1p[12] = iarrs[471];
a1p[13] = iarrs[472];
a1p[14] = iarrs[473];
a1p[15] = iarrs[474];
a1p[16] = iarrs[475];
a1p[17] = iarrs[476];
a1p[18] = iarrs[477];
a1p[19] = iarrs[478];
a1p[21] = iarrs[479];
a1p[22] = iarrs[480];
a1p[23] = iarrs[481];
a1p[25] = iarrs[482];
a1p[26] = iarrs[483];
a1p[27] = iarrs[484];
a1p[28] = iarrs[485];
a1p[29] = iarrs[486];
a1p[31] = iarrs[487];
a1p[33] = iarrs[488];
a1p[34] = iarrs[489];
a1p[35] = iarrs[490];
a1p[37] = iarrs[491];
a1p[39] = iarrs[492];
a1p[40] = iarrs[493];
a1p[43] = iarrs[494];
a1p[44] = iarrs[495];
a1p[47] = iarrs[496];
a1p[48] = iarrs[497];
a1p[50] = iarrs[498];
a1p[51] = iarrs[499];
a1p[53] = iarrs[500];
a1p[54] = iarrs[501];
a1p[55] = iarrs[502];
a1p[56] = iarrs[503];
a1p[58] = iarrs[504];
a1p[59] = iarrs[505];
a1p[60] = iarrs[506];
a1p[61] = iarrs[507];
a1p[62] = iarrs[508];
a1p[63] = iarrs[509];
a1p[65] = iarrs[510];
a1p[67] = iarrs[511];
a1p[68] = iarrs[512];
a1p[69] = iarrs[513];
a1p[70] = iarrs[514];
a1p[71] = iarrs[515];
a1p[73] = iarrs[516];
a1p[74] = iarrs[517];
a1p[75] = iarrs[518];
a1p[77] = iarrs[519];
a1p[78] = iarrs[520];
a1p[82] = iarrs[521];
a1p[85] = iarrs[522];
a1p[86] = iarrs[523];
a1p[87] = iarrs[524];
a1p[88] = iarrs[525];
a1p[90] = iarrs[526];
a1p[91] = iarrs[527];
a1p[92] = iarrs[528];
a1p[94] = iarrs[529];
a1p[95] = iarrs[530];
a1p[96] = iarrs[531];
a1p[97] = iarrs[532];
a1p[99] = iarrs[533];
a1p[101] = iarrs[534];
a1p[102] = iarrs[535];
a1p[103] = iarrs[536];
a1p[105] = iarrs[537];
a1p[106] = iarrs[538];
a1p[107] = iarrs[539];
a1p[108] = iarrs[540];
a1p[109] = iarrs[541];
a1p[110] = iarrs[542];
a1p[111] = iarrs[543];
a1p[112] = iarrs[544];
a1p[113] = iarrs[545];
a1p[114] = iarrs[546];
a1p[116] = iarrs[547];
a1p[117] = iarrs[548];
a1p[118] = iarrs[549];
a1p[119] = iarrs[550];
a1p[120] = iarrs[551];
a1p[121] = iarrs[552];
a1p[122] = iarrs[553];
a1p[128] = iarrs[554];
a1p[130] = iarrs[555];
a1p[131] = iarrs[556];
a1p[132] = iarrs[557];
a1p[133] = iarrs[558];
a1p[134] = iarrs[559];
a1p[135] = iarrs[560];
a1p[137] = iarrs[561];
a1p[140] = iarrs[562];
a1p[141] = iarrs[563];
a1p[142] = iarrs[564];
a1p[143] = iarrs[565];
a1p[146] = iarrs[566];
a1p[147] = iarrs[567];
a1p[149] = iarrs[568];
a1p[152] = iarrs[569];
a1p[153] = iarrs[570];
a1p[154] = iarrs[571];
a1p[156] = iarrs[572];
a1p[158] = iarrs[573];
a1p[160] = iarrs[574];
a1p[161] = iarrs[575];
a1p[163] = iarrs[576];
a1p[164] = iarrs[577];
a1p[165] = iarrs[578];
a1p[166] = iarrs[579];
a1p[167] = iarrs[580];
a1p[168] = iarrs[581];
a1p[169] = iarrs[582];
a1p[170] = iarrs[583];
a1p[171] = iarrs[584];
a1p[172] = iarrs[585];
a1p[174] = iarrs[586];
a1p[175] = iarrs[587];
a1p[176] = iarrs[588];
a1p[177] = iarrs[589];
a1p[178] = iarrs[590];
a1p[179] = iarrs[591];
a1p[180] = iarrs[592];
a1p[181] = iarrs[593];
a1p[182] = iarrs[594];
a1p[183] = iarrs[595];
a1p[184] = iarrs[596];
a1p[185] = iarrs[597];
a1p[186] = iarrs[598];
a1p[187] = iarrs[599];
a1p[189] = iarrs[600];
a1p[190] = iarrs[601];
a1p[191] = iarrs[602];
a1p[192] = iarrs[603];
a1p[193] = iarrs[604];
a1p[194] = iarrs[605];
a1p[195] = iarrs[606];
a1p[198] = iarrs[607];
a1p[199] = iarrs[608];
a1p[200] = iarrs[609];
a1p[201] = iarrs[610];
a1p[203] = iarrs[611];
a1p[204] = iarrs[612];
a1p[206] = iarrs[613];
a1p[214] = iarrs[614];
a1p[215] = iarrs[615];
a1p[216] = iarrs[616];
a1p[219] = iarrs[617];
a1p[220] = iarrs[618];
a1p[221] = iarrs[619];
a1p[222] = iarrs[620];
a1p[223] = iarrs[621];
a1p[224] = iarrs[622];
a1p[225] = iarrs[623];
a1p[226] = iarrs[624];
a1p[227] = iarrs[625];
a1p[231] = iarrs[626];
a1p[232] = iarrs[627];
a1p[233] = iarrs[628];
a1p[234] = iarrs[629];
a1p[235] = iarrs[630];
a1p[237] = iarrs[631];
a1p[238] = iarrs[632];
a1p[239] = iarrs[633];
a1p[240] = iarrs[634];
a1p[244] = iarrs[635];
a1p[246] = iarrs[636];
a1p[247] = iarrs[637];
a1p[248] = iarrs[638];
a1p[250] = iarrs[639];
a1p[251] = iarrs[640];
a1p[254] = iarrs[641];
a1p[255] = iarrs[642];
a1p[256] = iarrs[643];
a1p[257] = iarrs[644];
a1p[258] = iarrs[645];
a1p[259] = iarrs[646];
a1p[261] = iarrs[647];
a1p[262] = iarrs[648];
a1p[263] = iarrs[649];
a1p[264] = iarrs[650];
a1p[265] = iarrs[651];
a1p[266] = iarrs[652];
a1p[268] = iarrs[653];
a1p[269] = iarrs[654];
a1p[270] = iarrs[655];
a1p[271] = iarrs[656];
a1p[273] = iarrs[657];
a1p[274] = iarrs[658];
a1p[275] = iarrs[659];
a1p[276] = iarrs[660];
a1p[277] = iarrs[661];
a1p[278] = iarrs[662];
a1p[279] = iarrs[663];
a1p[280] = iarrs[664];
a1p[281] = iarrs[665];
a1p[282] = iarrs[666];
a1p[284] = iarrs[667];
a1p[285] = iarrs[668];
a1p[287] = iarrs[669];
a1p[288] = iarrs[670];
a1p[290] = iarrs[671];
a1p[292] = iarrs[672];
a1p[293] = iarrs[673];
a1p[294] = iarrs[674];
a1p[296] = iarrs[675];
a1p[297] = iarrs[676];
a1p[298] = iarrs[677];
a1p[301] = iarrs[678];
a1p[302] = iarrs[679];
a1p[304] = iarrs[680];
a1p[306] = iarrs[681];
a1p[307] = iarrs[682];
a1p[308] = iarrs[683];
a1p[309] = iarrs[684];
a1p[310] = iarrs[685];
a1p[311] = iarrs[686];
a1p[312] = iarrs[687];
a1p[314] = iarrs[688];
a1p[315] = iarrs[689];
a1p[316] = iarrs[690];
a1p[318] = iarrs[691];
a1p[319] = iarrs[692];
a1p[320] = iarrs[693];
a1p[321] = iarrs[694];
a1p[322] = iarrs[695];
a1p[323] = iarrs[696];
a1p[324] = iarrs[697];
a1p[325] = iarrs[698];
a1p[326] = iarrs[699];
a1p[327] = iarrs[700];
a1p[328] = iarrs[701];
a1p[329] = iarrs[702];
a1p[332] = iarrs[703];
a1p[333] = iarrs[704];
a1p[334] = iarrs[705];
a1p[335] = iarrs[706];
a1p[336] = iarrs[707];
a1p[337] = iarrs[708];
a1p[338] = iarrs[709];
a1p[340] = iarrs[710];
a1p[341] = iarrs[711];
a1p[343] = iarrs[712];
a1p[344] = iarrs[713];
a1p[346] = iarrs[714];
a1p[348] = iarrs[715];
a1p[349] = iarrs[716];
a1p[351] = iarrs[717];
a1p[352] = iarrs[718];
a1p[353] = iarrs[719];
a1p[354] = iarrs[720];
a1p[355] = iarrs[721];
a1p[356] = iarrs[722];
a1p[359] = iarrs[723];
a1p[360] = iarrs[724];
a1p[361] = iarrs[725];
a1p[362] = iarrs[726];
a1p[20] = m_blockinfo(0, iarrs0, iarrs[1]);
a1p[24] = m_blockinfo(0, iarrs0, iarrs[2]);
a1p[30] = m_blockinfo(2, iarrs0, iarrs[3]);
a1p[32] = m_blockinfo(0, iarrs0, iarrs[4]);
a1p[36] = m_blockinfo(0, iarrs0, iarrs[5]);
a1p[38] = m_blockinfo(0, iarrs0, iarrs[6]);
a1p[41] = m_blockinfo(0, iarrs0, iarrs[7]);
a1p[42] = m_blockinfo(0, iarrs0, iarrs[8]);
a1p[45] = m_blockinfo(0, iarrs0, iarrs[9]);
a1p[46] = m_blockinfo(0, iarrs0, iarrs[10]);
a1p[49] = m_blockinfo(0, iarrs0, iarrs[11]);
a1p[52] = m_blockinfo(0, iarrs0, iarrs[12]);
a1p[57] = m_blockinfo(0, iarrs0, iarrs[13]);
a1p[64] = m_blockinfo(1, iarrs0, iarrs[14]);
a1p[66] = m_blockinfo(0, iarrs0, iarrs[15]);
a1p[72] = m_blockinfo(0, iarrs0, iarrs[16]);
a1p[76] = m_blockinfo(0, iarrs0, iarrs[17]);
a1p[79] = m_blockinfo(0, iarrs0, iarrs[18]);
a1p[80] = m_blockinfo(0, iarrs0, iarrs[19]);
a1p[81] = m_blockinfo(0, iarrs0, iarrs[20]);
a1p[83] = m_blockinfo(0, iarrs0, iarrs[21]);
a1p[84] = m_blockinfo(0, iarrs0, iarrs[22]);
a1p[89] = m_blockinfo(0, iarrs0, iarrs[23]);
a1p[93] = m_blockinfo(0, iarrs0, iarrs[24]);
a1p[98] = m_blockinfo(0, iarrs0, iarrs[25]);
a1p[100] = m_blockinfo(0, iarrs0, iarrs[26]);
a1p[104] = m_blockinfo(0, iarrs0, iarrs[27]);
a1p[115] = m_blockinfo(0, iarrs0, iarrs[28]);
a1p[123] = m_blockinfo(0, iarrs0, iarrs[29]);
a1p[124] = m_blockinfo(0, iarrs0, iarrs[30]);
a1p[125] = m_blockinfo(0, iarrs0, iarrs[31]);
a1p[126] = m_blockinfo(0, iarrs0, iarrs[32]);
a1p[127] = m_blockinfo(0, iarrs0, iarrs[33]);
a1p[129] = m_blockinfo(0, iarrs0, iarrs[34]);
a1p[136] = m_blockinfo(1, iarrs0, iarrs[35]);
a1p[138] = m_blockinfo(0, iarrs0, iarrs[36]);
a1p[139] = m_blockinfo(0, iarrs0, iarrs[37]);
a1p[144] = m_blockinfo(0, iarrs0, iarrs[38]);
a1p[145] = m_blockinfo(0, iarrs0, iarrs[39]);
a1p[148] = m_blockinfo(0, iarrs0, iarrs[40]);
a1p[150] = m_blockinfo(0, iarrs0, iarrs[41]);
a1p[151] = m_blockinfo(0, iarrs0, iarrs[42]);
a1p[155] = m_blockinfo(0, iarrs0, iarrs[43]);
a1p[157] = m_blockinfo(0, iarrs0, iarrs[44]);
a1p[159] = m_blockinfo(0, iarrs0, iarrs[45]);
a1p[162] = m_blockinfo(0, iarrs0, iarrs[46]);
a1p[173] = m_blockinfo(1, iarrs0, iarrs[47]);
a1p[188] = m_blockinfo(0, iarrs0, iarrs[48]);
a1p[196] = m_blockinfo(0, iarrs0, iarrs[49]);
a1p[197] = m_blockinfo(0, iarrs0, iarrs[50]);
a1p[202] = m_blockinfo(0, iarrs0, iarrs[51]);
a1p[205] = m_blockinfo(1, iarrs0, iarrs[52]);
a1p[207] = m_blockinfo(0, iarrs0, iarrs[53]);
a1p[208] = m_blockinfo(0, iarrs0, iarrs[54]);
a1p[209] = m_blockinfo(0, iarrs0, iarrs[55]);
a1p[210] = m_blockinfo(0, iarrs0, iarrs[56]);
a1p[211] = m_blockinfo(0, iarrs0, iarrs[57]);
a1p[212] = m_blockinfo(0, iarrs0, iarrs[58]);
a1p[213] = m_blockinfo(0, iarrs0, iarrs[59]);
a1p[217] = m_blockinfo(0, iarrs0, iarrs[60]);
a1p[218] = m_blockinfo(0, iarrs0, iarrs[61]);
a1p[228] = m_blockinfo(0, iarrs0, iarrs[62]);
a1p[229] = m_blockinfo(0, iarrs0, iarrs[63]);
a1p[230] = m_blockinfo(0, iarrs0, iarrs[64]);
a1p[236] = m_blockinfo(0, iarrs0, iarrs[65]);
a1p[241] = m_blockinfo(0, iarrs0, iarrs[66]);
a1p[242] = m_blockinfo(0, iarrs0, iarrs[67]);
a1p[243] = m_blockinfo(0, iarrs0, iarrs[68]);
a1p[245] = m_blockinfo(0, iarrs0, iarrs[69]);
a1p[249] = m_blockinfo(0, iarrs0, iarrs[70]);
a1p[252] = m_blockinfo(0, iarrs0, iarrs[71]);
a1p[253] = m_blockinfo(0, iarrs0, iarrs[72]);
a1p[260] = m_blockinfo(0, iarrs0, iarrs[73]);
a1p[267] = m_blockinfo(0, iarrs0, iarrs[74]);
a1p[272] = m_blockinfo(1, iarrs0, iarrs[75]);
a1p[283] = m_blockinfo(0, iarrs0, iarrs[76]);
a1p[286] = m_blockinfo(0, iarrs0, iarrs[77]);
a1p[289] = m_blockinfo(0, iarrs0, iarrs[78]);
a1p[291] = m_blockinfo(0, iarrs0, iarrs[79]);
a1p[295] = m_blockinfo(0, iarrs0, iarrs[80]);
a1p[299] = m_blockinfo(0, iarrs0, iarrs[81]);
a1p[300] = m_blockinfo(0, iarrs0, iarrs[82]);
a1p[303] = m_blockinfo(0, iarrs0, iarrs[83]);
a1p[305] = m_blockinfo(0, iarrs0, iarrs[84]);
a1p[313] = m_blockinfo(0, iarrs0, iarrs[85]);
a1p[317] = m_blockinfo(0, iarrs0, iarrs[86]);
a1p[330] = m_blockinfo(0, iarrs0, iarrs[87]);
a1p[331] = m_blockinfo(0, iarrs0, iarrs[88]);
a1p[339] = m_blockinfo(0, iarrs0, iarrs[89]);
a1p[342] = m_blockinfo(0, iarrs0, iarrs[90]);
a1p[345] = m_blockinfo(0, iarrs0, iarrs[91]);
a1p[347] = m_blockinfo(0, iarrs0, iarrs[92]);
a1p[350] = m_blockinfo(0, iarrs0, iarrs[93]);
a1p[357] = m_blockinfo(0, iarrs0, iarrs[94]);
a1p[358] = m_blockinfo(0, iarrs0, iarrs[95]);

B a2; B* a2p = m_lvBn(&a2, 363);
assume_separate_storage(a2p, iarrs);
a2p[0] = iarrs[96];
a2p[1] = iarrs[97];
a2p[2] = iarrs[98];
a2p[3] = iarrs[99];
a2p[4] = iarrs[100];
a2p[5] = iarrs[101];
a2p[6] = iarrs[102];
a2p[7] = iarrs[103];
a2p[8] = iarrs[104];
a2p[9] = iarrs[105];
a2p[10] = iarrs[106];
a2p[11] = iarrs[107];
a2p[12] = iarrs[108];
a2p[13] = iarrs[109];
a2p[14] = iarrs[110];
a2p[15] = iarrs[111];
a2p[16] = iarrs[112];
a2p[17] = iarrs[113];
a2p[18] = iarrs[114];
a2p[19] = iarrs[115];
a2p[20] = iarrs[116];
a2p[21] = iarrs[117];
a2p[22] = iarrs[118];
a2p[23] = iarrs[119];
a2p[24] = iarrs[120];
a2p[25] = iarrs[121];
a2p[26] = iarrs[122];
a2p[27] = iarrs[123];
a2p[28] = iarrs[124];
a2p[29] = iarrs[125];
a2p[30] = iarrs[126];
a2p[31] = iarrs[127];
a2p[32] = iarrs[128];
a2p[33] = iarrs[129];
a2p[34] = iarrs[130];
a2p[35] = iarrs[131];
a2p[36] = iarrs[132];
a2p[37] = iarrs[133];
a2p[38] = iarrs[134];
a2p[39] = iarrs[135];
a2p[40] = iarrs[136];
a2p[41] = iarrs[137];
a2p[42] = iarrs[138];
a2p[43] = iarrs[139];
a2p[44] = iarrs[140];
a2p[45] = iarrs[141];
a2p[46] = iarrs[142];
a2p[47] = iarrs[143];
a2p[48] = iarrs[144];
a2p[49] = iarrs[145];
a2p[50] = iarrs[146];
a2p[51] = iarrs[147];
a2p[52] = iarrs[148];
a2p[53] = iarrs[149];
a2p[54] = iarrs[150];
a2p[55] = iarrs[151];
a2p[56] = iarrs[152];
a2p[57] = iarrs[153];
a2p[58] = iarrs[154];
a2p[59] = iarrs[155];
a2p[60] = iarrs[156];
a2p[61] = iarrs[157];
a2p[62] = iarrs[158];
a2p[63] = iarrs[159];
a2p[64] = iarrs[160];
a2p[65] = iarrs[161];
a2p[66] = iarrs[162];
a2p[67] = iarrs[163];
a2p[68] = iarrs[164];
a2p[69] = iarrs[165];
a2p[70] = iarrs[166];
a2p[71] = iarrs[167];
a2p[72] = iarrs[168];
a2p[73] = iarrs[169];
a2p[74] = iarrs[170];
a2p[75] = iarrs[171];
a2p[76] = iarrs[172];
a2p[77] = iarrs[173];
a2p[78] = iarrs[174];
a2p[79] = iarrs[175];
a2p[80] = iarrs[176];
a2p[81] = iarrs[177];
a2p[82] = iarrs[178];
a2p[83] = iarrs[179];
a2p[84] = iarrs[180];
a2p[85] = iarrs[181];
a2p[86] = iarrs[182];
a2p[87] = iarrs[183];
a2p[88] = iarrs[184];
a2p[89] = iarrs[185];
a2p[90] = iarrs[186];
a2p[91] = iarrs[187];
a2p[92] = iarrs[188];
a2p[93] = iarrs[189];
a2p[94] = iarrs[190];
a2p[95] = iarrs[191];
a2p[96] = iarrs[192];
a2p[97] = iarrs[193];
a2p[98] = iarrs[194];
a2p[99] = iarrs[195];
a2p[100] = iarrs[196];
a2p[101] = iarrs[197];
a2p[102] = iarrs[198];
a2p[103] = iarrs[199];
a2p[104] = iarrs[200];
a2p[105] = iarrs[201];
a2p[106] = iarrs[202];
a2p[107] = iarrs[203];
a2p[108] = iarrs[204];
a2p[109] = iarrs[205];
a2p[110] = iarrs[206];
a2p[111] = iarrs[207];
a2p[112] = iarrs[208];
a2p[113] = iarrs[209];
a2p[114] = iarrs[210];
a2p[115] = iarrs[211];
a2p[116] = iarrs[212];
a2p[117] = iarrs[213];
a2p[118] = iarrs[214];
a2p[119] = iarrs[215];
a2p[120] = iarrs[216];
a2p[121] = iarrs[217];
a2p[122] = iarrs[218];
a2p[123] = iarrs[219];
a2p[124] = iarrs[220];
a2p[125] = iarrs[221];
a2p[126] = iarrs[222];
a2p[127] = iarrs[223];
a2p[128] = iarrs[224];
a2p[129] = iarrs[225];
a2p[130] = iarrs[226];
a2p[131] = iarrs[227];
a2p[132] = iarrs[228];
a2p[133] = iarrs[229];
a2p[134] = iarrs[230];
a2p[135] = iarrs[231];
a2p[136] = iarrs[232];
a2p[137] = iarrs[233];
a2p[138] = iarrs[234];
a2p[139] = iarrs[235];
a2p[140] = iarrs[236];
a2p[141] = iarrs[237];
a2p[142] = iarrs[238];
a2p[143] = iarrs[239];
a2p[144] = iarrs[240];
a2p[145] = iarrs[241];
a2p[146] = iarrs[242];
a2p[147] = iarrs[243];
a2p[148] = iarrs[244];
a2p[149] = iarrs[245];
a2p[150] = iarrs[246];
a2p[151] = iarrs[247];
a2p[152] = iarrs[248];
a2p[153] = iarrs[249];
a2p[154] = iarrs[250];
a2p[155] = iarrs[251];
a2p[156] = iarrs[252];
a2p[157] = iarrs[253];
a2p[158] = iarrs[254];
a2p[159] = iarrs[255];
a2p[160] = iarrs[256];
a2p[161] = iarrs[257];
a2p[162] = iarrs[258];
a2p[163] = iarrs[259];
a2p[164] = iarrs[260];
a2p[165] = iarrs[261];
a2p[166] = iarrs[262];
a2p[167] = iarrs[263];
a2p[168] = iarrs[264];
a2p[169] = iarrs[265];
a2p[170] = iarrs[266];
a2p[171] = iarrs[267];
a2p[172] = iarrs[268];
a2p[173] = iarrs[269];
a2p[174] = iarrs[270];
a2p[175] = iarrs[271];
a2p[176] = iarrs[272];
a2p[177] = iarrs[273];
a2p[178] = iarrs[274];
a2p[179] = iarrs[275];
a2p[180] = iarrs[276];
a2p[181] = iarrs[277];
a2p[182] = iarrs[278];
a2p[183] = iarrs[279];
a2p[184] = iarrs[280];
a2p[185] = iarrs[281];
a2p[186] = iarrs[282];
a2p[187] = iarrs[283];
a2p[188] = iarrs[284];
a2p[189] = iarrs[285];
a2p[190] = iarrs[286];
a2p[191] = iarrs[287];
a2p[192] = iarrs[288];
a2p[193] = iarrs[289];
a2p[194] = iarrs[290];
a2p[195] = iarrs[291];
a2p[196] = iarrs[292];
a2p[197] = iarrs[293];
a2p[198] = iarrs[294];
a2p[199] = iarrs[295];
a2p[200] = iarrs[296];
a2p[201] = iarrs[297];
a2p[202] = iarrs[298];
a2p[203] = iarrs[299];
a2p[204] = iarrs[300];
a2p[205] = iarrs[301];
a2p[206] = iarrs[302];
a2p[207] = iarrs[303];
a2p[208] = iarrs[304];
a2p[209] = iarrs[305];
a2p[210] = iarrs[306];
a2p[211] = iarrs[307];
a2p[212] = iarrs[308];
a2p[213] = iarrs[309];
a2p[214] = iarrs[310];
a2p[215] = iarrs[311];
a2p[216] = iarrs[312];
a2p[217] = iarrs[313];
a2p[218] = iarrs[314];
a2p[219] = iarrs[315];
a2p[220] = iarrs[316];
a2p[221] = iarrs[317];
a2p[222] = iarrs[318];
a2p[223] = iarrs[319];
a2p[224] = iarrs[320];
a2p[225] = iarrs[321];
a2p[226] = iarrs[322];
a2p[227] = iarrs[323];
a2p[228] = iarrs[324];
a2p[229] = iarrs[325];
a2p[230] = iarrs[326];
a2p[231] = iarrs[327];
a2p[232] = iarrs[328];
a2p[233] = iarrs[329];
a2p[234] = iarrs[330];
a2p[235] = iarrs[331];
a2p[236] = iarrs[332];
a2p[237] = iarrs[333];
a2p[238] = iarrs[334];
a2p[239] = iarrs[335];
a2p[240] = iarrs[336];
a2p[241] = iarrs[337];
a2p[242] = iarrs[338];
a2p[243] = iarrs[339];
a2p[244] = iarrs[340];
a2p[245] = iarrs[341];
a2p[246] = iarrs[342];
a2p[247] = iarrs[343];
a2p[248] = iarrs[344];
a2p[249] = iarrs[345];
a2p[250] = iarrs[346];
a2p[251] = iarrs[347];
a2p[252] = iarrs[348];
a2p[253] = iarrs[349];
a2p[254] = iarrs[350];
a2p[255] = iarrs[351];
a2p[256] = iarrs[352];
a2p[257] = iarrs[353];
a2p[258] = iarrs[354];
a2p[259] = iarrs[355];
a2p[260] = iarrs[356];
a2p[261] = iarrs[357];
a2p[262] = iarrs[358];
a2p[263] = iarrs[359];
a2p[264] = iarrs[360];
a2p[265] = iarrs[361];
a2p[266] = iarrs[362];
a2p[267] = iarrs[363];
a2p[268] = iarrs[364];
a2p[269] = iarrs[365];
a2p[270] = iarrs[366];
a2p[271] = iarrs[367];
a2p[272] = iarrs[368];
a2p[273] = iarrs[369];
a2p[274] = iarrs[370];
a2p[275] = iarrs[371];
a2p[276] = iarrs[372];
a2p[277] = iarrs[373];
a2p[278] = iarrs[374];
a2p[279] = iarrs[375];
a2p[280] = iarrs[376];
a2p[281] = iarrs[377];
a2p[282] = iarrs[378];
a2p[283] = iarrs[379];
a2p[284] = iarrs[380];
a2p[285] = iarrs[381];
a2p[286] = iarrs[382];
a2p[287] = iarrs[383];
a2p[288] = iarrs[384];
a2p[289] = iarrs[385];
a2p[290] = iarrs[386];
a2p[291] = iarrs[387];
a2p[292] = iarrs[388];
a2p[293] = iarrs[389];
a2p[294] = iarrs[390];
a2p[295] = iarrs[391];
a2p[296] = iarrs[392];
a2p[297] = iarrs[393];
a2p[298] = iarrs[394];
a2p[299] = iarrs[395];
a2p[300] = iarrs[396];
a2p[301] = iarrs[397];
a2p[302] = iarrs[398];
a2p[303] = iarrs[399];
a2p[304] = iarrs[400];
a2p[305] = iarrs[401];
a2p[306] = iarrs[402];
a2p[307] = iarrs[403];
a2p[308] = iarrs[404];
a2p[309] = iarrs[405];
a2p[310] = iarrs[406];
a2p[311] = iarrs[407];
a2p[312] = iarrs[408];
a2p[313] = iarrs[409];
a2p[314] = iarrs[410];
a2p[315] = iarrs[411];
a2p[316] = iarrs[412];
a2p[317] = iarrs[413];
a2p[318] = iarrs[414];
a2p[319] = iarrs[415];
a2p[320] = iarrs[416];
a2p[321] = iarrs[417];
a2p[322] = iarrs[418];
a2p[323] = iarrs[419];
a2p[324] = iarrs[420];
a2p[325] = iarrs[421];
a2p[326] = iarrs[422];
a2p[327] = iarrs[423];
a2p[328] = iarrs[424];
a2p[329] = iarrs[425];
a2p[330] = iarrs[426];
a2p[331] = iarrs[427];
a2p[332] = iarrs[428];
a2p[333] = iarrs[429];
a2p[334] = iarrs[430];
a2p[335] = iarrs[431];
a2p[336] = iarrs[432];
a2p[337] = iarrs[433];
a2p[338] = iarrs[434];
a2p[339] = iarrs[435];
a2p[340] = iarrs[436];
a2p[341] = iarrs[437];
a2p[342] = iarrs[438];
a2p[343] = iarrs[439];
a2p[344] = iarrs[440];
a2p[345] = iarrs[441];
a2p[346] = iarrs[442];
a2p[347] = iarrs[443];
a2p[348] = iarrs[444];
a2p[349] = iarrs[445];
a2p[350] = iarrs[446];
a2p[351] = iarrs[447];
a2p[352] = iarrs[448];
a2p[353] = iarrs[449];
a2p[354] = iarrs[450];
a2p[355] = iarrs[451];
a2p[356] = iarrs[452];
a2p[357] = iarrs[453];
a2p[358] = iarrs[454];
a2p[359] = iarrs[455];
a2p[360] = iarrs[456];
a2p[361] = iarrs[457];
a2p[362] = iarrs[458];
load_importBlock("(self-hosted runtime1x)",
  iarrs[727],
  a0,
  a1,
  a2
);
